,0
0,0.0889552601008
1,-0.0157034215775
2,0.194336613493
3,0.248731681941
4,0.0665851648163
5,0.0327956946832
6,0.0207207713292
7,0.0289535582012
8,0.0455493853855
9,0.0549571690193
10,0.0427332192976
11,0.00897669118894
12,0.0497835709815
13,0.116884323762
14,0.0408656060207
15,0.0367626686629
16,-0.00221372024504
17,-0.0134718698299
18,-0.0121031426691
19,0.0139189028091
20,0.0529624649582
21,0.0218581531258
22,0.0255183906228
23,0.0305813137435
24,0.0336099900498
25,0.0670680697635
26,0.0501463267049
27,0.0699305813785
28,0.110220829879
29,0.0166426253367
30,0.0244535725236
31,0.0278933568797
32,0.0576733380673
33,0.044421020068
34,0.0226141112355
35,0.0409073092442
36,0.0804136595227
37,0.0422421036177
38,0.130890981722
39,-0.115818667806
40,0.0124007675732
41,0.0339446599481
42,0.0455493160411
43,0.0223075269295
44,-0.042770519776
45,0.0258107628558
46,0.00291215204349
47,-0.0228844516793
48,0.112218520011
49,0.0692034491228
50,0.22988023296
51,-0.0122361677882
52,0.00537844092336
53,0.202720787427
54,0.00508088083019
55,0.00577655760974
56,0.0961230354787
57,-0.0907850708419
58,0.0282284593105
59,-0.0882597111607
60,0.0104832823152
61,0.0151501337308
62,-0.0179295910667
63,-0.0145734066845
64,0.028619643212
65,0.0144884783333
66,0.0231806873756
67,0.0184545852129
68,0.0175338391485
69,-0.0109483534074
70,-0.133408955355
71,-0.059344959707
72,-0.0144905346434
73,0.0573900569238
74,-0.00729650892493
75,0.00406077221037
76,0.00911470528783
77,0.0313443232434
78,0.0370828056384
79,0.0489882573719
80,0.139968965129
81,0.166731213252
82,-0.0268491170114
83,0.00595986415613
84,-0.0539052869855
85,0.0258161730157
86,-0.0283168882802
87,-0.00721076113915
88,0.0298731174806
89,0.00247549027363
90,0.00953993128573
91,0.0521113087878
92,-0.00392630719601
93,-0.0723460323672
94,-0.00201847106711
95,0.0560633398886
96,0.0259435529662
97,0.0245318554057
98,0.0223155459537
99,-0.0113259366541
100,0.0762431323906
101,-0.0142523225633
102,0.0424130878306
103,-0.00347872081152
104,-0.00893022315091
105,-0.0403548341453
106,0.300216008747
107,0.0133665818459
108,-0.0405402332236
109,0.000304650525788
110,0.0356271417415
111,-0.0788296381805
112,0.0376783111341
113,-0.0407640486783
114,0.0323302978579
115,-0.0481055060666
116,0.0066219475084
117,-0.0208310358109
118,0.0874028563579
119,0.0464132326701
120,0.0282934020811
121,-0.000419454094622
122,-0.0616437571214
123,0.0561662004792
124,0.0320702637442
125,0.0142784014571
126,0.0376093945939
127,-0.105411520075
128,-0.0324919797972
129,0.0159434701542
130,0.0859739303424
131,0.0336137521056
132,-0.0120203943754
133,0.00645531139618
134,0.0134035162716
135,-0.0113750443536
136,0.0155110918456
137,0.0243833295074
138,0.0191626538523
139,0.044489826567
140,0.141695391314
141,0.0244489585616
142,0.0334235534844
143,0.0597332535142
144,0.0175655787299
145,0.0151688673348
146,0.0729061986317
147,0.0469402239369
148,0.0479371911253
149,0.0049759732204
150,0.177058916527
151,0.0399108326218
152,0.0493196034095
153,0.156353356188
154,0.0476779394923
155,0.0280183681894
156,0.0246102586923
157,0.00226048260057
158,0.0434330727461
159,0.0115542192395
160,0.0563058980273
161,-0.0456689658246
162,0.0154683506475
163,0.00851946638087
164,0.145052226654
165,0.147442460164
166,0.0649978124497
167,0.0109006636561
168,0.256440295252
169,0.298020103903
170,0.0559456577076
171,0.0530512861465
172,0.05694930958
173,0.0232000102025
174,-0.025809342472
175,-0.0188926059133
176,0.340349280134
177,0.0567079179338
178,0.324430548715
179,0.300197752719
180,0.0270498936534
181,0.0433669150827
182,0.0336348164252
183,0.0658049724852
184,0.0246842897122
185,0.021397613035
186,0.019500804462
187,-0.0166485270735
188,-0.0209511253234
189,-0.000317831384468
190,-0.0248550196526
191,0.00457490188928
192,0.00385185145878
193,0.0391031063605
194,0.039842153599
195,0.0277666580455
196,0.0877583671354
197,0.134758733043
198,0.0043430402924
199,0.0174022669234
200,0.0790613012586
201,-0.0644068346423
202,0.10329807065
203,-0.0407209307001
204,-0.0541271544223
205,-0.0101831931144
206,-0.0481153808531
207,0.00312437486849
208,0.0285042856181
209,0.0428274022121
210,-0.0318144012241
211,0.0294577764023
212,-0.0362908202315
213,-0.0993579659476
214,0.000896659790489
215,0.0286600486403
216,0.123071339468
217,0.0423111068347
218,0.0697952320145
219,-0.0297051922699
220,0.0915544856661
221,-0.0382695916146
222,0.0349818679017
223,0.014500051906
224,0.0372155097116
225,0.0437369814064
226,0.171940972659
227,0.047598384504
228,-0.0399233130257
229,0.019354456865
230,0.0444475751198
231,0.0181360904579
232,0.0591332567029
233,0.0404255261951
234,0.0468919849243
235,0.0614345650802
236,0.100591296664
237,-0.0141637859079
238,0.00785933349092
239,-0.0693514706041
240,0.0712474467386
241,0.0733531668058
242,-0.0296821821559
243,0.061986683233
244,0.105144239633
245,0.101208307387
246,-0.188213505435
247,0.106548282686
248,0.100558775135
249,0.124901299928
250,-0.040499898321
251,0.0355405993717
252,0.0205636201715
253,0.019564737291
254,0.0496487518413
255,-0.147441750189
256,0.0380009931607
257,-0.0756542281003
258,0.0118376619567
259,-0.0921249337736
260,0.0307307573805
261,-0.0587832073737
262,-0.198123073539
263,0.00358508241718
264,-0.0161382845922
265,-0.0299856212344
266,0.11176171937
267,0.0851536956442
268,0.0357778811563
269,-0.0321608782795
270,0.0142649366525
271,0.0687017389275
272,0.0832745189207
273,0.0982636536497
274,0.0496282160361
275,-0.198054245047
276,0.109025294952
277,0.020038704903
278,0.117694990177
279,0.0448705377976
280,0.0381039250352
281,0.00727762094969
282,0.0530494798897
283,0.14536960365
284,0.0982449615184
285,0.0344894134733
286,0.127652638681
287,0.18095400421
288,0.0347671645594
289,0.0575013866317
290,0.125308503371
291,0.0475254233624
292,0.0533297137134
293,0.0202502923193
294,-0.00738804166047
295,0.0287315725487
296,0.0603224914468
297,0.00875823498634
298,0.0241083917505
299,0.0527795657276
300,0.0299873116174
301,0.0498314792615
302,0.0480323044913
303,0.00618365540558
304,0.0286093209206
305,0.0963719930747
306,0.0219482723467
307,-0.0304109937206
308,0.0219773176933
309,0.00466810368343
310,-0.00680118904242
311,-0.0494481523719
312,0.0779968897954
313,0.0818315723624
314,0.0220026343625
315,0.183889402491
316,0.0117183379613
317,0.0117378707647
318,0.0703369382436
319,0.115812415879
320,0.00279023448537
321,0.0567249730726
322,0.0340882387224
323,0.0706915126557
324,-0.0194947804148
325,0.0337616427915
326,-0.0178735865806
327,0.0641340128801
328,-0.00622654352261
329,0.0222558459204
330,0.00418221235832
331,-0.0093838062129
332,0.0274294507776
333,0.0339039347831
334,0.0120039151576
335,-0.0740247243059
336,0.0155889080504
337,0.332021400925
338,-0.203462428058
339,0.00621493775085
340,-0.023931916143
341,-0.105754810795
342,0.0215517847428
343,-0.015342878907
344,-0.0272294778114
345,-0.0579124972087
346,0.0235976508756
347,0.00562972233089
348,-0.04419194366
349,0.027709924301
350,0.0194358198643
351,-0.0118683779108
352,-0.0186959073202
353,0.0916667903721
354,0.00763659432079
355,0.205867686359
356,0.0501151984211
357,-0.0388248744335
358,0.00789142562037
359,0.0061585940023
360,0.0785579634865
361,0.0302768681655
362,0.0442617450701
363,0.0151823192509
364,0.0202368303653
365,0.098872819618
366,-0.0336457687988
367,-0.0661415308868
368,-0.0801562982981
369,-0.0238360900409
370,-0.0281311363185
371,-0.0626592308858
372,0.0368844222655
373,0.173423017042
374,0.0754569298354
375,0.208393540984
376,0.0716972503096
377,0.0211122739752
378,0.111119906136
379,-0.0928689940292
380,0.10308628928
381,0.0243338027329
382,0.0326225231898
383,0.0719873173324
384,0.108047421419
385,0.0125375415998
386,0.0153487719676
387,0.0273181667233
388,-0.0193890169264
389,-0.0140374170999
390,-0.0333284219268
391,0.0932106939507
392,-0.0249607266871
393,0.00770634340049
394,0.0355983142285
395,-0.00647379217483
396,0.0136698718321
397,0.203066353654
398,-0.00887811675151
399,0.057154895559
400,0.021232076533
401,-0.0166493121397
402,-0.0196623260238
403,0.125526426428
404,0.0233669652098
405,0.0571884470723
406,0.0404484426836
407,0.0830855291462
408,0.0010777257408
409,0.00506647115725
410,0.0622759978273
411,0.013019801519
412,0.0419290873809
413,-0.0109186185223
414,0.097022176656
415,0.0114402989468
416,0.347811849015
417,0.0356060140549
418,0.00326410965232
419,0.0452399511432
420,0.0372656793407
421,0.0110161179466
422,0.0500153203362
423,0.0527824171877
424,0.0060553901006
425,-0.0197025840547
426,-0.0076235006537
427,-0.0393631188539
428,0.0612924704662
429,0.128423516687
430,0.0805600346869
431,-0.0289038825096
432,0.265300396998
433,-0.0765047042645
434,0.0164761003382
435,-0.0377748074733
436,0.0100090655734
437,0.00272562404688
438,0.00141528180942
439,-0.0296766225389
440,0.0229484963726
441,0.0162849016672
442,0.120850286064
443,0.141709536976
444,-0.00652885514171
445,0.00290499350063
446,-0.0035705869526
447,0.00961323680684
448,-0.058439551237
449,0.0192795721857
450,0.0357984883738
451,0.0376614819557
452,0.0269074043902
453,-0.0510544002826
454,-0.0273693911681
455,0.0289040030569
456,0.0200625878516
457,-0.00583861890841
458,-0.0180316117159
459,0.392096119735
460,-0.0131031031898
461,0.0254437226968
462,0.0127950969582
463,0.0278650146259
464,-0.101897018809
465,0.0550154860584
466,-0.00602333088707
467,-0.00149342221623
468,0.0832206099477
469,0.116931753283
470,-0.0301385482106
471,0.00752768868657
472,-0.0191227508274
473,0.0139481823345
474,0.0358732656255
475,-0.00607994951762
476,-0.0164317729755
477,0.0160485591397
478,-0.0610245771486
479,-0.041253468168
480,3.35486271574e-05
481,-0.0150868101253
482,-0.0242334547428
483,0.00158813015773
484,-0.046404319635
485,-0.0109340967036
486,0.0114949367691
487,0.0857998439472
488,-0.142392756952
489,-0.044627592076
490,-0.0143494347132
491,-0.0801325130263
492,-0.067441244107
493,0.033569083109
494,-0.032451106898
495,-0.0286129338871
496,-0.0247815414767
497,-0.0458497111859
498,-0.063002071528
499,0.187491606752
500,0.00109054505875
501,-0.0938864587906
502,-0.0124220999724
503,0.0190359607471
504,0.0166033416443
505,0.0023275760495
506,0.06514558866
507,0.00469820289126
508,-0.0784294800311
509,0.0414577860171
510,0.0104998978054
511,-0.0120462377556
512,-0.0183073841842
513,0.0149977118135
514,0.00769044208714
515,-0.0198462530102
516,-0.142221723458
517,0.000730031938009
518,0.0234460124872
519,-0.0103942044265
520,0.141598613381
521,0.0293378667118
522,0.0946043300438
523,-0.0237424689747
524,0.0365145208405
525,0.0221813156125
526,0.110709883252
527,0.0192858133242
528,0.0152525249454
529,-0.0102117808538
530,-0.0320628291132
531,0.0376581031748
532,-0.0108575994089
533,0.0579336543688
534,-0.00494927669145
535,0.00616009989088
536,0.0179573914078
537,0.0076332194467
538,0.0157305607347
539,0.17086142266
540,0.146340532468
541,0.0228062517971
542,0.0484893101795
543,0.0294161808233
544,0.0738305274238
545,-0.0230732837276
546,0.0480701489081
547,-0.0126765854828
548,-0.00865866425808
549,0.0461567925214
550,0.153373992873
551,0.158700703409
552,0.189435078163
553,-0.209479657254
554,-0.0473248176897
555,-0.0878210001113
556,-0.237304186185
557,-0.00358577715993
558,0.169145749149
559,0.0293678519014
560,-0.00301050301484
561,-0.000303528947024
562,0.0776385160042
563,-0.0487790688938
564,0.0336955034925
565,0.0422279829991
566,0.00525130690136
567,0.028671745258
568,0.0257494766802
569,0.0449437858387
570,0.0607102762036
571,0.012927461831
572,0.140801099185
573,0.0134434617342
574,0.0298882516678
575,0.043505928291
576,0.0246269025879
577,0.0970891208182
578,0.0154562614706
579,0.181712504256
580,0.254914442691
581,0.0193541275544
582,0.024135124357
583,-0.00350102809229
584,0.0362152272262
585,0.0697187600063
586,0.00847150355285
587,0.0688066374024
588,0.0121305231689
589,0.0171227235361
590,0.0295891939665
591,0.0216889111662
592,-0.106537227984
593,0.0802604941956
594,-0.0567689405134
595,0.00399110715054
596,0.0211735266737
597,0.0289292021313
598,0.0945766236315
599,-0.0130325037389
600,0.0350259121025
601,0.00402173325453
602,0.000445308521692
603,-0.078981640162
604,0.0117918797091
605,0.00250187056429
606,0.0852292590342
607,0.0460569854404
608,-0.00769765461487
609,-0.116326447076
610,0.0535710949604
611,0.041197084281
612,-0.0689518150838
613,0.0890976056111
614,0.0586348388512
615,0.182547094271
616,0.0452850484791
617,0.0340841641405
618,0.100085050543
619,0.0370850627546
620,0.0452667403839
621,0.0766160587163
622,0.009440016139
623,0.0516666000002
624,0.0365945364969
625,0.033564695639
626,0.0560759737074
627,0.053038715922
628,-0.0096881922317
629,0.0173559243664
630,0.025316508113
631,-0.0161571398378
632,0.0164640403514
633,0.0483185974954
634,0.0519236981378
635,0.0200582383318
636,0.165987906763
637,0.13397831084
638,0.0793300041818
639,0.0531699463957
640,0.0445441246298
641,0.0126426737805
642,0.024418782089
643,0.142810432456
644,0.0154821047989
645,0.053394893488
646,-0.0255834585168
647,-0.0141135098924
648,0.17408745124
649,0.113506784423
650,0.193706369243
651,0.0873749752004
652,0.146880568744
653,0.0336620123377
654,-0.188366831813
655,0.00332206012757
656,-0.0424547740729
657,0.0280022902297
658,-0.0185876988366
659,0.0162853535357
660,0.230947191022
661,0.0551640634113
662,0.0290827512466
663,0.101687945009
664,0.0216968602641
665,0.0247835527878
666,0.0256780525856
667,0.137931811311
668,0.0623421119125
669,0.0205506028636
670,-0.0310211053419
671,-0.0143841602831
672,0.0274235203091
673,0.0262714963311
674,-0.0096396073208
675,0.0830031908413
676,0.00646298746387
677,0.261365126971
678,0.0528180364537
679,0.162208337444
680,-0.0484263442089
681,0.0197266351486
682,0.0171357063352
683,0.0320404676362
684,0.0721244969712
685,0.00749327413303
686,-0.0751395835629
687,-0.0422175454741
688,0.0561600155004
689,0.0405405630801
690,-0.0112124014119
691,0.0368537110353
692,0.0383712702576
693,0.0026607206247
694,0.0276653052432
695,0.00459284364032
696,-0.0161255135569
697,-0.0945305194259
698,0.013851843895
699,0.0282518308271
700,0.00191219334319
701,-0.0542973162211
702,-0.0136342503001
703,-0.012618885268
704,0.0107521834814
705,-0.0120621475906
706,-0.0481237708681
707,-0.0850985171052
708,-0.0805279160258
709,0.0108587839989
710,0.0133610329379
711,0.0248544244437
712,0.0470462005277
713,0.0250227465282
714,0.00521072434817
715,0.0418069773335
716,0.0116561926462
717,0.0771222577523
718,-0.104001939346
719,0.0200315290732
720,-0.0162429709792
721,0.0529474875049
722,0.040033149982
723,0.123699104805
724,-0.00880376108727
725,0.0488883240005
726,0.0251457695861
727,0.0924272667836
728,0.144050286202
729,0.0330142334782
730,0.0161410568347
731,0.0400137836587
732,-0.147636694486
733,0.0388209141316
734,0.00233298098425
735,0.00422018014222
736,0.0859112095401
737,-0.0111466795802
738,0.0344853158525
739,-0.157237822145
740,0.0632599374365
741,0.333080480984
742,0.0819267169799
743,-0.106985240388
744,-0.0534487608733
745,-0.116108914534
746,0.16608178009
747,-0.0602147945137
748,-0.0105896501429
749,-0.0832565623326
750,0.0290325833874
751,-0.0601449701681
752,0.0289501546924
753,0.0103376601481
754,0.060574337472
755,0.000112818909558
756,0.0350809565519
757,-0.259412257105
758,-0.0719434716851
759,0.0890322230575
760,-0.013890115064
761,-0.0202942879921
762,0.0493261316202
763,0.157568818903
764,0.033653392624
765,0.0169627233899
766,0.00481401140396
767,-0.0802349718794
768,0.151373703178
769,-0.0194128796092
770,0.0356914783527
771,0.036517408973
772,0.12198739468
773,0.0216142858225
774,0.00836025329424
775,0.0320613752377
776,0.112417160915
777,0.0208868654288
778,0.0499153899601
779,0.0120751119111
780,0.115430471643
781,0.0730797466968
782,0.027403049905
783,-0.00248068982954
784,-0.00260046201124
785,-0.00142894980463
786,-0.0306947277955
787,0.0606032330034
788,0.143173008747
789,0.0516229153988
790,0.190363182133
791,0.0450905289571
792,0.018735045881
793,0.0316713743248
794,-0.00300017747033
795,0.0268863473546
796,0.0434809939615
797,0.353502511997
798,0.199283732072
799,0.018124222358
800,0.0171791198218
801,0.103989155703
802,0.0421943066257
803,0.0314990421184
804,0.0274178620411
805,0.074452091042
806,0.131731470378
807,-0.0222251072649
808,0.103863161909
809,0.0464852077987
810,0.0239260541685
811,0.0521483658586
812,0.0774701647172
813,0.0153615550012
814,-0.0228507575138
815,-0.0526574252668
816,0.0123562407856
817,-0.0671590240567
818,0.0188726272729
819,0.11212967631
820,-0.0342276434796
821,-0.340261355896
822,0.130297009878
823,0.0185063879845
824,0.020683413124
825,0.0638292002349
826,0.0112193275298
827,-0.029830690514
828,0.0803653903537
829,0.060892320945
830,0.00834115318458
831,0.0691644808341
832,-0.0336678758565
833,0.0885045970104
834,0.122525872736
835,-0.00400345290659
836,0.00305153508656
837,0.00628568733357
838,0.0672953157502
839,0.017694697485
840,0.00749401010421
841,-0.0110235335205
842,-0.0482156058185
843,0.00874571382375
844,0.126911952255
845,-0.0116184746054
846,0.000897479834226
847,0.0627726811519
848,-0.0412614412417
849,0.0409987128254
850,0.0203923819869
851,-0.045042027683
852,0.021441973538
853,0.0963935772626
854,-0.0238179384532
855,0.0422290084875
856,-0.00366494117977
857,0.0419816989255
858,-0.0154933237799
859,0.175219348161
860,-0.0172439146325
861,0.109360736774
862,0.0550892657966
863,0.0161452458565
864,0.0129914021133
865,-0.00290600965489
866,-0.0130516893789
867,0.00931219771663
868,0.0670760044611
869,-0.0598876385594
870,0.0460366866845
871,-0.0529313593189
872,0.0462782594303
873,-0.14535661499
874,0.0524012510913
875,0.0958530663341
876,0.226202216118
877,-0.0541985649399
878,0.0402405422893
879,0.0474042000484
880,0.054258805705
881,0.0150503491011
882,0.0190139364226
883,0.0405413471371
884,0.0142584728158
885,0.0388174984854
886,0.0534880276845
887,0.0234410174596
888,0.0126724975479
889,-0.0255793860064
890,-0.00891130370102
891,0.0497467179373
892,-0.0511789107501
893,-0.0124111237009
894,0.141616804165
895,0.161203553979
896,0.0933249547236
897,0.0429849625346
898,0.013448612699
899,0.0149574390034
900,-0.00342175096761
901,-0.00921208682027
902,-0.00846883760042
903,-0.0303495991417
904,-0.00402162665888
905,-0.119184230153
906,-0.00208332711758
907,-0.0359408147014
908,0.0620757078026
909,-0.0292843190029
910,0.0188763816231
911,0.0140296068572
912,0.0033948613759
913,-0.0741047661883
914,0.0620145039969
915,0.0423756093158
916,0.0318272326339
917,0.0170660566223
918,0.0204265761871
919,0.0359305087699
920,0.129200211415
921,-0.0143663232769
922,0.0036130596817
923,0.0148407443056
924,0.0304560568218
925,0.000656084840293
926,-0.0452729048509
927,0.0601800406403
928,0.0258285001539
929,0.0308250666213
930,0.0223016295199
931,0.00647522038235
932,0.0793684435023
933,-0.111125571354
934,0.0390400974032
935,-0.0194796549541
936,0.00737033281543
937,0.00730511126132
938,0.0360591102267
939,0.0953184009555
940,0.032853729013
941,-0.012308593431
942,-0.0354884700648
943,0.00264359962577
944,0.0142510799429
945,0.0483758595225
946,0.00514095340891
947,-0.135816568754
948,0.0520789692449
949,0.0479713594759
950,0.217531527325
951,-0.0141597370553
952,0.0771584231744
953,0.0207292370132
954,-0.0526298965596
955,-0.0591523410429
956,-0.0592231660379
957,0.0347078377605
958,0.0237548911603
959,-0.00252812168998
960,-0.00202769836283
961,0.166725839821
962,0.0139524080505
963,0.0729747238077
964,0.00105104748612
965,-0.000636574265587
966,0.100708510134
967,0.0276606104155
968,0.00622433155092
969,0.00337060709054
970,-0.00225652893509
971,0.00488151787396
972,0.0187487446801
973,-0.0381439927958
974,-0.0492563928255
975,0.033351801134
976,0.0380377006265
977,0.0310088659534
978,-0.00945865394081
979,0.0916640009826
980,0.017569045274
981,-0.0335580619809
982,0.107675322892
983,-0.255502430987
984,-0.0510700832326
985,0.0146228366591
986,0.00509939465429
987,0.155931447759
988,-0.0170397935558
989,-0.0206130977982
990,0.0527439671541
991,-0.00880356057305
992,-0.0191738975025
993,0.00584949508761
994,0.298927323719
995,0.0538997228158
996,-0.0724229670254
997,-0.0677387772768
998,0.00667048911613
999,0.017808822678
1000,-0.0177116833568
1001,-0.0114818788021
1002,0.200139043766
1003,0.028117542666
1004,0.0215254382021
1005,-0.0401768104094
1006,-0.060760951441
1007,0.132810479682
1008,-0.0119596969623
1009,0.142425377281
1010,-0.136817311865
1011,-0.0570710597913
1012,0.11187804583
1013,0.318476687351
1014,0.0498304582222
1015,0.0170805028912
1016,0.0379844230488
1017,0.0119861479406
1018,-0.0357257447199
1019,0.0604601734206
1020,0.0108438018913
1021,-0.0909164166906
1022,0.0456793003826
1023,0.0772627183763
1024,0.00854814997575
1025,-0.0157196611423
1026,0.0665421580395
1027,0.0530791446963
1028,0.0383764824099
1029,-0.038228864908
1030,0.000777130655053
1031,-0.00560311432472
1032,-0.022737311568
1033,-0.00723332824156
1034,-0.0759695338566
1035,0.18826187498
1036,0.133529499754
1037,-0.0478780624791
1038,0.0392485642704
1039,-0.0547513046483
1040,0.0217349847163
1041,0.0665091660978
1042,-0.0327914821101
1043,-0.0240678613859
1044,0.0885852688556
1045,0.126373512074
1046,0.0646346606762
1047,0.0240672909124
1048,-0.0221329284857
1049,-0.0541525748915
1050,-0.0434535649812
1051,-0.046173090906
1052,-0.0305845532098
1053,0.0572141315903
1054,-0.0153442483915
1055,-0.0345894783096
1056,-0.169019273489
1057,0.0258859577728
1058,0.0341742155495
1059,0.0339768253341
1060,0.0367716328974
1061,-0.0450534823826
1062,0.0477199018669
1063,-0.0348486899743
1064,0.0329752596808
1065,0.0556754274424
1066,-0.206605842191
1067,0.034180336893
1068,0.00505960768877
1069,-0.00984093112392
1070,0.133203260124
1071,0.0310712028766
1072,-0.0891631639371
1073,0.0587742145333
1074,0.0374065714173
1075,0.0560676307325
1076,0.0875316361242
1077,0.0510296876708
1078,0.141284839625
1079,-0.0336849541299
1080,0.0312414119267
1081,-0.0350766031781
1082,0.0344633520662
1083,0.0496159774285
1084,0.0244654286966
1085,0.0766392931346
1086,0.0555619789165
1087,-0.0825265040195
1088,0.034062022513
1089,-0.0368512447902
1090,0.0741447345833
1091,0.0123306833897
1092,0.0476181825646
1093,0.0340715793192
1094,-0.0207304255548
1095,-0.0718274585653
1096,0.0283189305838
1097,-0.0473545725596
1098,0.0489459883702
1099,0.0340881027611
1100,-0.0386844043041
1101,-0.00908305421016
1102,-0.000173756791862
1103,0.0220279840667
1104,0.030052418155
1105,0.0923154827296
1106,-0.0105636782704
1107,0.172789368238
1108,0.069123055567
1109,0.0404350809304
1110,-0.0125538490632
1111,0.0289680854347
1112,0.0451524112172
1113,0.0859787225932
1114,-0.00270325174994
1115,0.0203857938524
1116,0.00203548515949
1117,0.0114867916804
1118,0.0854740888122
1119,0.0940489349422
1120,-0.0111898272178
1121,-0.0682214391798
1122,0.00247349162474
1123,0.011782383817
1124,0.012863412098
1125,0.0273423812508
1126,0.0153796237102
1127,0.0752623619873
1128,0.0493204333583
1129,0.00375368413987
1130,0.0649590992951
1131,0.0416705244923
1132,0.0385644704909
1133,0.040851807073
1134,0.0179883030886
1135,0.0656469671995
1136,0.00167475212589
1137,0.0078320574327
1138,0.0192740592023
1139,0.0711828660457
1140,0.0195068099116
1141,0.0354424716269
1142,0.0275300902163
1143,0.00443014686985
1144,-0.00695650460352
1145,0.299736509656
1146,-0.0219204318436
1147,0.0225134549159
1148,0.00490186291433
1149,0.168141504394
1150,-0.0252235095836
1151,0.0243093708301
1152,0.0093495334498
1153,0.0279969701908
1154,-0.00584680413146
1155,0.0271610549608
1156,0.0141072936724
1157,0.00909884386866
1158,0.0083432825224
1159,0.0961748207999
1160,0.0339312100724
1161,0.0555265678947
1162,0.0251599024259
1163,0.0251478307974
1164,0.110954581402
1165,0.0675294164467
1166,0.0288326083944
1167,0.113030496642
1168,0.00227162965696
1169,0.0402601828489
1170,0.0206192442915
1171,0.0376072501201
1172,0.0475056808285
1173,0.0620669041351
1174,0.0287255967573
1175,0.0518592127217
1176,0.0198716265094
1177,0.000713360719001
1178,-0.00597249829628
1179,-0.0119756300389
1180,0.0385485514255
1181,-0.0028675452973
1182,-0.0115616438331
1183,-0.0418726176821
1184,0.00567938661393
1185,-0.0149888352258
1186,-0.00128988026726
1187,0.00445790938504
1188,0.0408855316634
1189,0.0297983352108
1190,0.0285266883243
1191,0.348409778087
1192,0.180868617547
1193,-0.339285120362
1194,-0.113841726651
1195,0.0842433001683
1196,0.0473163154788
1197,0.0195264151772
1198,0.20427741064
1199,0.371239375286
1200,0.0130871011862
1201,-0.00108036473558
1202,0.0099000001745
1203,0.0120973419045
1204,0.0184441791183
1205,0.0277788378447
1206,0.031506590848
1207,-0.0199583113534
1208,0.0449169835019
1209,0.0461192915598
1210,0.178660130906
1211,-0.0308049346692
1212,0.0294287576509
1213,0.168194649823
1214,0.0158200886729
1215,0.00819592918847
1216,0.0581227632683
1217,0.0840740933024
1218,0.0467124505547
1219,0.0109769961523
1220,0.0375762629343
1221,0.106181420883
1222,0.254581976523
1223,0.0125427826005
1224,-0.0163378606651
1225,-0.0539079570555
1226,-0.0239011849085
1227,0.0168992544009
1228,0.0721180558998
1229,0.0176601417812
1230,-0.0297946914938
1231,-0.0464445284846
1232,0.00939966561974
1233,0.0132937460249
1234,0.00574134336928
1235,0.0295687594153
1236,0.0234970421275
1237,0.00411263582013
1238,-0.0131477034831
1239,0.0240039849869
1240,0.0208844628361
1241,0.0693112282288
1242,0.0427116721243
1243,0.0830074684544
1244,0.0577111331206
1245,-0.00396919941172
1246,0.0508431221714
1247,-0.022898391334
1248,0.00352978680618
1249,0.0231300785587
1250,0.0306612507302
1251,0.0648513343489
1252,0.0305684210168
1253,0.24310931204
1254,0.00110219322412
1255,0.0355743912048
1256,0.00768143268024
1257,0.073450766944
1258,0.0153047892614
1259,0.0326072603255
1260,-0.0240761794141
1261,0.0458335539112
1262,0.00813291728039
1263,0.0166544022787
1264,0.0336021223778
1265,0.0049868698515
1266,0.0241823983078
1267,0.108638645467
1268,-0.00442037336211
1269,0.00771762516561
1270,-0.00121542674596
1271,0.0151505250969
1272,-0.020294981182
1273,0.01078400403
1274,-0.00494315924738
1275,0.0346463115086
1276,0.0170682886984
1277,0.0148546593253
1278,-0.0435254810458
1279,0.0256344050262
1280,0.0231136120063
1281,0.00985813140915
1282,0.0492910297526
1283,0.0313491863426
1284,0.0124050494623
1285,-0.0495533718778
1286,0.00419391581127
1287,0.000701458412066
1288,0.0604569528887
1289,0.0554875759575
1290,0.170423149377
1291,0.00384760788722
1292,0.0148649684711
1293,0.024391364451
1294,0.0322008244515
1295,0.0224839112103
1296,0.0357551733435
1297,0.022029295406
1298,0.00819233362177
1299,0.0245949767134
1300,0.0346243586115
1301,-0.00434553248652
1302,0.0202354662284
1303,0.021028038552
1304,0.0435891297073
1305,0.108538567403
1306,0.0362830779215
1307,0.0220661033043
1308,0.0877787270901
1309,-0.00567177539013
1310,0.0648822628433
1311,-0.0190107570326
1312,-0.00519515807787
1313,0.0438737720281
1314,-0.0665333602307
1315,0.006327140879
1316,0.112482514603
1317,-0.0105128727993
1318,0.0167605345183
1319,-0.0329180130582
1320,0.0543368258689
1321,0.0319089084397
1322,-0.0238878004376
1323,0.017105963028
1324,-0.0163728325149
1325,0.027415177018
1326,-0.0210345246243
1327,0.0315493025074
1328,0.0169750700198
1329,0.0210976336457
1330,0.0179495703757
1331,0.0216822199063
1332,-0.018649576984
1333,-0.0212042446697
1334,-0.0319576516131
1335,0.0298544004757
1336,-0.0551936447931
1337,-0.00109353404418
1338,-0.016355597839
1339,0.0156159631849
1340,0.162633655022
1341,0.205657663649
1342,0.0054266880424
1343,-0.0284972928034
1344,-0.0335803429051
1345,0.0552895091988
1346,0.0274708133182
1347,0.0276897543001
1348,-0.0855298901757
1349,-0.0102526567921
1350,0.00507836629419
1351,-0.00367271597629
1352,0.0593973091922
1353,0.192886944481
1354,0.011307691408
1355,0.0246262879107
1356,0.0145991497981
1357,0.0110612116847
1358,-0.0192451670978
1359,-0.0102829104574
1360,0.0121681730083
1361,0.05421608295
1362,-0.0073299567267
1363,0.0177355937235
1364,-0.00426338281125
1365,0.00740479585677
1366,0.0697324140592
1367,0.0666545171811
1368,0.0429113848753
1369,0.0140848911443
1370,-0.00157215462687
1371,0.0181752567133
1372,-0.00526636062284
1373,-0.00379976051519
1374,0.0105117425999
1375,-0.0326811984173
1376,0.0332739721549
1377,-0.0109542848929
1378,-0.0685921138619
1379,-0.0882580343803
1380,0.00507295650972
1381,-0.0644128249284
1382,0.0232207420495
1383,0.0110697240192
1384,-0.0190124936894
1385,0.0349939922503
1386,0.0118761832097
1387,-0.0314812186245
1388,0.00981416043261
1389,0.0138356634907
1390,-0.0115770091132
1391,0.0570199925362
1392,0.0084182325932
1393,0.0305587050977
1394,0.0279724106288
1395,0.0760779123001
1396,0.0762762545993
1397,0.00116987570456
1398,-0.0185102123998
1399,-0.0614881441685
1400,-0.140534250811
1401,-0.0192676744606
1402,0.0109350315741
1403,0.0244036171676
1404,-0.00867532798513
1405,0.0137550221327
1406,-0.000529693004194
1407,0.0108253749556
1408,0.0528020349887
1409,0.0124285132542
1410,0.0781559062431
1411,0.0788317722072
1412,-0.202247184113
1413,0.0604130499087
1414,0.0177115490152
1415,0.0131181624118
1416,-0.0175951501769
1417,-0.0550452848779
1418,0.0205777025874
1419,0.017419734276
1420,-0.0138743887228
1421,0.00267302414211
1422,0.0149761660077
1423,0.0322577969317
1424,-0.000833009370061
1425,0.0580191180827
1426,-0.0674819537986
1427,0.00611925328816
1428,0.0185815892848
1429,0.00435450691551
1430,0.0196825841872
1431,0.0248753531771
1432,-0.0338387725893
1433,0.0163046488604
1434,-0.0167587561008
1435,0.0187360000993
1436,0.0143888469569
1437,-0.0104693931187
1438,-0.1188640854
1439,0.01584595312
1440,0.019490399097
1441,-0.00929701256086
1442,0.000248785538206
1443,-0.0139024859141
1444,-0.00457050738566
1445,0.0347648713412
1446,-0.0103783581178
1447,0.00726018770699
1448,0.0158237410021
1449,-0.000836553037499
1450,0.010456477313
1451,0.0354178579061
1452,0.00213621237371
1453,0.0040244005448
1454,-0.040450510642
1455,0.000896175029219
1456,0.0275118385434
1457,-0.0425528131716
1458,0.00210801351654
1459,0.0110226849327
1460,-0.0118880905986
1461,0.0419010969258
1462,-0.0174448925881
1463,-0.0147606322105
1464,0.0120784503382
1465,-0.00959312707635
1466,-0.0361243637984
1467,0.0275501565431
1468,-0.273921393963
1469,-0.0794768646123
1470,0.0163940356499
1471,0.02399354581
1472,0.00130201233376
1473,-0.0379524915239
1474,0.0211537399597
1475,0.00645602534425
1476,-0.0301554150103
1477,0.106624956576
1478,0.00674429893929
1479,-0.0223965248516
1480,0.0778275213842
1481,0.188827708904
1482,0.0147233082466
1483,-0.0125118672258
1484,0.016493105651
1485,0.0355792273621
1486,0.000559505742691
1487,-0.000368888440111
1488,-0.239762528009
1489,-0.022311184039
1490,0.027308764113
1491,-0.0209053601669
1492,-0.00915882128251
1493,-0.012928044183
1494,0.0229582768236
1495,0.0231825368187
1496,0.0189785355597
1497,0.0425113237718
1498,-0.00969261886702
1499,-0.00175275161334
1500,-0.0549154702705
1501,0.0190322616902
1502,0.0573496975058
1503,0.0501317561612
1504,-0.0451645402752
1505,0.0147966900262
1506,-0.084869824974
1507,-0.00704782682185
1508,0.0267310927577
1509,-0.0284195772883
1510,-0.0135416441051
1511,0.00327975678407
1512,-0.07815204551
1513,0.0319432702191
1514,0.0171726435357
1515,-0.0375678887863
1516,0.0122285877425
1517,-0.0173495184033
1518,0.00207601471799
1519,0.0247725955336
1520,-0.00339243854737
1521,0.0343580706078
1522,-0.0218428526095
1523,-0.0142798537362
1524,0.0403042919049
1525,-0.0396953913189
1526,-0.135545713201
1527,0.0602478984286
1528,0.117966041911
1529,0.145078204516
1530,0.0288194928752
1531,-0.0733007516722
1532,0.0170205837159
1533,0.0621512422028
1534,0.0442542292226
1535,0.0344584945025
1536,-0.00172495914032
1537,0.0299051147861
1538,0.0204575606831
1539,-0.013554223005
1540,0.0107242303919
1541,0.0278573179131
1542,0.00146215695797
1543,0.00870849652906
1544,-0.00583550470485
1545,0.142969388459
1546,0.213252544064
1547,-0.00767473457281
1548,-0.0542126014766
1549,0.00826873687905
1550,0.0217198020898
1551,-0.0175330769073
1552,-0.010610176956
1553,0.0334088029735
1554,-0.0913749821028
1555,-0.0427611585099
1556,-0.2234122733
1557,0.0100681029928
1558,0.0156772055115
1559,0.0264951607056
1560,0.04161226621
1561,-0.019333645864
1562,6.18014495067e-05
1563,-0.00818620578138
1564,0.055489126874
1565,0.243381758506
1566,-0.0862677561491
1567,0.0201275124133
1568,-0.0173303097843
1569,0.0449232209925
1570,-0.0251289458522
1571,-0.0380945170592
1572,0.0356953454688
1573,0.0362315681603
1574,-0.156171327943
1575,0.00105522354802
1576,0.0968098538125
1577,0.0173357812521
1578,0.119017682857
1579,0.0753712876814
1580,-0.0142423540279
1581,0.00504200155048
1582,0.0214435449529
1583,0.015549252166
1584,-0.0838148373684
1585,-0.10090718216
1586,-0.0822678745307
1587,-0.0352989694449
1588,0.0661474232252
1589,0.0278091040059
1590,0.0324305065863
1591,-7.57195530247e-05
1592,-0.0029408225163
1593,0.0051487223723
1594,-0.00245936147951
1595,-0.0212966744546
1596,0.0106670448587
1597,-0.130058454737
1598,-0.0714498838521
1599,-0.0353143543068
1600,0.14123221492
1601,-0.0425950846053
1602,0.0976030702053
1603,0.0328478279346
1604,0.017681726016
1605,0.0275104553784
1606,0.15147635841
1607,-0.0568268499982
1608,-0.00911371968344
1609,0.002394840713
1610,0.040880726126
1611,0.118329373599
1612,-0.0727967620274
1613,-0.0683025947611
1614,-0.0163495054589
1615,-0.0455454885795
1616,-0.0364797240575
1617,-0.061924485136
1618,0.089160028307
1619,0.0311005759256
1620,0.0276886996999
1621,0.0366480344078
1622,-0.0123333601296
1623,-0.0523831941442
1624,0.0237481511842
1625,0.0121154224656
1626,0.013095939215
1627,0.0191042974203
1628,0.0519803040912
1629,0.0804172140396
1630,0.0424257278931
1631,0.0223513820272
1632,0.0264332058191
1633,-0.029523938649
1634,0.0178054393442
1635,0.0263500697868
1636,0.0813212264522
1637,0.0294210954735
1638,0.0165594042565
1639,-0.0216464086051
1640,0.0217624486634
1641,0.0149648422868
1642,-0.0589926210803
1643,-0.0869433374249
1644,-0.0172752298463
1645,0.0126075417717
1646,-0.195978649704
1647,-0.0489909521944
1648,-0.000257212323735
1649,-0.0404399362032
1650,0.0396782082759
1651,0.00387180179315
1652,0.0103273424072
1653,0.0587321333809
1654,0.0960569430172
1655,-0.0808124808546
1656,-0.0216586514549
1657,-0.0166089346896
1658,-0.00919083753089
1659,-0.00194090066658
1660,0.0162834761159
1661,-0.151617901855
1662,0.00548028031844
1663,-0.0193778105899
1664,-0.0109695227543
1665,0.00133926000368
1666,0.0152216400559
1667,0.0115008040294
1668,0.0639835134341
1669,-0.0435469075778
1670,-0.00897421637451
1671,0.00942604001402
1672,0.141579870008
1673,0.224295709456
1674,0.0208210392697
1675,0.00720319206368
1676,-0.0483686297723
1677,0.013951302408
1678,-0.00893443437303
1679,0.0368221344405
1680,0.14963135335
1681,0.0322707307908
1682,8.77438039074e-05
1683,0.0199649038094
1684,0.00272847966417
1685,-0.0494004273274
1686,-0.0445421853542
1687,-0.0412829723984
1688,0.0353312076247
1689,0.0917648442527
1690,-0.336239804416
1691,-0.00087350036841
1692,0.0440934430102
1693,0.226171339631
1694,-0.105162639969
1695,-0.458443325393
1696,0.0105590737078
1697,-0.0761432106754
1698,0.00165414147416
1699,0.00112045483469
1700,-0.174425250073
1701,0.00804302462305
1702,-0.0603026540896
1703,-0.125936191755
1704,-0.0821084680675
1705,-0.187717020346
1706,0.000997224573067
1707,-0.422664530941
1708,0.0528992893885
1709,0.0279465651393
1710,0.0144055519446
1711,-0.00136920059516
1712,0.0418523347849
1713,-0.0144461934122
1714,-0.00282536725382
1715,0.00752989841772
1716,-0.0085382064344
1717,0.0344654344734
1718,0.0324323075961
1719,-0.0270411957819
1720,0.00101729659837
1721,-0.0452079892511
1722,-0.021718928525
1723,-0.0937014110082
1724,0.0479768205974
1725,-0.105359299229
1726,0.050290934821
1727,-0.0829498250194
1728,-0.029391618266
1729,0.0219699372434
1730,0.0239814494981
1731,-0.018252684371
1732,0.00775680663862
1733,0.0655966863343
1734,-0.0608325732626
1735,-0.214417843575
1736,-0.0758316726103
1737,0.0678761513011
1738,-0.120228345457
1739,-0.0337879341735
1740,-0.00650620503611
1741,0.0387947275154
1742,0.0358204489064
1743,-0.0453477270343
1744,0.0278733693791
1745,0.0510052046827
1746,0.0955252166018
1747,0.0385788650904
1748,-0.10984743724
1749,0.0149915767234
1750,-0.0945931536598
1751,0.0113269247214
1752,0.0403651624943
1753,0.0142899868565
1754,0.00704400513337
1755,-0.0132209204016
1756,-0.0988411174015
1757,0.0208019355809
1758,-0.0478226574222
1759,0.0234592636371
1760,-0.0100354622184
1761,0.0124813225229
1762,0.00123207712675
1763,-0.0660175907524
1764,0.0244145967312
1765,-0.05652602048
1766,0.0674858707151
1767,0.00352964375086
1768,0.0245619605031
1769,0.00816305074854
1770,0.0588955770763
1771,-0.0802829841595
1772,0.0013306214562
1773,0.00345130874775
1774,0.0130537328641
1775,-0.0717832896894
1776,0.0153256552196
1777,0.0551401410396
1778,-0.0238312862893
1779,-0.00438205658571
1780,-0.0617549823667
1781,-0.0242948644384
1782,-0.00989986888333
1783,0.0111924762171
1784,0.0
1785,0.0342089694983
1786,-0.110840838535
1787,0.00818090532462
1788,0.0112235812155
1789,0.0097463321756
1790,-0.046833219999
1791,-0.0669686448397
1792,-0.016063924212
1793,-0.0307059538113
1794,0.00152273052766
1795,0.0711597768488
1796,-0.0754202917868
1797,-0.054120316796
1798,0.0349902939578
1799,0.269655753413
1800,0.027247255252
1801,-0.0417006090919
1802,0.0550693023385
1803,-0.0374988072498
1804,-0.00073767998501
1805,-0.0137390865765
1806,0.0396886752932
1807,-0.0510245297179
1808,-0.00573547285584
1809,-0.0597173486604
1810,-0.0147844557269
1811,-0.0132210760238
1812,-0.0207012327928
1813,-0.0370104278006
1814,0.0302120430952
1815,0.00724689738349
1816,-0.00399357573583
1817,0.109317888604
1818,0.00798375824714
1819,-0.931241502572
1820,0.00194760586779
1821,-0.0864421203959
1822,0.0361283090577
1823,0.0254806636596
1824,0.0183892484819
1825,0.00505019372955
1826,-0.0251802882179
1827,-0.048208360772
1828,0.116123884537
1829,0.0180536507736
1830,-0.00787815299367
1831,-0.0154707673106
1832,0.044373055119
1833,-0.0280238690429
1834,-0.00894617997811
1835,-0.0214598723646
1836,0.0190518196554
1837,-0.207121918989
1838,0.0244050197606
1839,-0.160755326633
1840,0.0642178995049
1841,0.00776045200295
1842,-0.0987424215721
1843,-0.00378794038062
1844,-0.0772479955244
1845,-0.00129845298075
1846,-0.0547773843848
1847,0.0125021650721
1848,0.0367384202156
1849,-0.0242724945217
1850,-0.209884213522
1851,-0.0168353414343
1852,-0.00501132658451
1853,0.0163326681272
1854,-0.0382862783959
1855,-0.0138649818317
1856,-0.0130108730074
1857,-0.0588889693564
1858,-0.00750705864744
1859,-0.101367337482
1860,0.0499115049881
1861,0.0101803827133
1862,0.0470803511238
1863,-0.104555502774
1864,-0.00657147175822
1865,0.00508373923945
1866,0.0227858347669
1867,0.00143801830412
1868,0.0165774961482
1869,-0.034272942212
1870,0.0187836063083
1871,0.00536140865069
1872,0.0104160471664
1873,-0.0249516417361
1874,0.00234338378056
1875,-0.0365715281437
1876,0.0280317247249
1877,0.0171658933392
1878,-0.00539360116028
1879,-0.0240551221086
1880,0.00793365496692
1881,-0.0687584629236
1882,0.00825460667803
1883,0.0447484264469
1884,0.00529028955881
1885,0.0139203041613
1886,0.0068990173955
1887,-0.0622198085751
1888,-0.3837148426
1889,-0.164819711785
1890,-0.0164389997043
1891,-0.0440384814332
1892,0.0197556540854
1893,0.0325700681185
1894,-0.107025815186
1895,-0.0540807676799
1896,0.0340751764005
1897,-0.0685391462757
1898,0.0125634134302
1899,0.0336116750096
1900,-0.0314967504649
1901,0.0130568596275
1902,-0.00732504876081
1903,-0.0659966604372
1904,0.014577302983
1905,0.0260340745104
1906,-0.137539729076
1907,-0.021269649706
1908,0.0130839761656
1909,-0.303763725704
1910,0.0990004470935
1911,0.041060997793
1912,0.00457730969263
1913,0.0021361635499
1914,-0.00113541258092
1915,0.0238401992271
1916,0.0108668393329
1917,0.010970705925
1918,-0.0193447738233
1919,0.0697632888566
1920,-0.181047545505
1921,-0.0167070572311
1922,-0.00134855220065
1923,-0.0177468897785
1924,-0.220983941643
1925,-0.00840507678253
1926,-0.0439327741747
1927,-0.00508398470539
1928,-0.0388220427689
1929,0.018129377437
1930,0.000840021608683
1931,0.110048905898
1932,-0.0205249558238
1933,0.0631525700745
1934,-0.0232631766726
1935,-0.0112457649871
1936,0.0204613651978
1937,-0.166010504221
1938,-0.0288910779336
1939,0.00816606466193
1940,0.0252399263922
1941,0.0112173660391
1942,0.074868807857
1943,-0.0221528106813
1944,0.00818059459227
1945,0.00438625491755
1946,-0.095430186608
1947,0.00799536877482
1948,-0.00469488035703
1949,-0.0871522924606
1950,-0.0908509907002
1951,0.0267136096157
1952,0.0319036056489
1953,0.0274254787854
1954,-0.249288781378
1955,-0.0050602679849
1956,0.00994448052423
1957,0.0231115276928
1958,-0.065190776479
1959,0.0316411673013
1960,-0.0263430213401
1961,0.00141420042707
1962,-0.00285531439608
1963,0.0329425057111
1964,-0.0512487839092
1965,0.0110219870965
1966,0.158158049699
1967,-0.0142927201458
1968,0.0251790393096
1969,-0.243944709625
1970,-0.0336886181659
1971,-0.0253698341174
1972,-0.418710486265
1973,0.0440167859909
1974,0.0370809714523
1975,0.029976125301
1976,-0.00533691253253
1977,0.0101638886507
1978,0.014380566794
1979,0.033479198018
1980,-0.0237690073802
1981,-0.0286114374918
1982,0.00135681028693
1983,-0.140114038284
1984,0.00505504017567
1985,0.0166375849643
1986,0.00814454029327
1987,-0.0182020484427
1988,-0.0208819480704
1989,0.0296823327859
1990,-0.0749755401591
1991,0.0662217772309
1992,-0.0645403652186
1993,-0.159180942303
1994,-0.0175064936281
1995,-0.0953390496129
1996,-0.111556966029
1997,0.0493538302151
1998,0.0306454947659
1999,0.0274586372997
2000,-0.0175172658213
2001,-0.0287269403111
2002,-0.00476234341424
2003,0.0615312666965
2004,-0.0183733860471
2005,-0.176046978041
2006,-0.163697522718
2007,-0.0836806507352
2008,0.0108257349074
2009,-0.0369297082426
2010,0.023815772166
2011,0.0362572272939
2012,0.0205041084664
2013,-0.0144854759307
2014,0.00463104587625
2015,-0.0398130770756
2016,0.0337078666305
2017,0.0138088294804
2018,0.00163586370628
2019,0.0224949718511
2020,0.0988280059027
2021,0.0812315486925
2022,-0.0143040848638
2023,-0.00295326003196
2024,-0.018521592253
2025,-0.287182666925
2026,-0.0305077565862
2027,0.0140905325783
2028,0.0146197340421
2029,0.0235693153938
2030,-0.0339018012954
2031,-0.0208125842866
2032,-0.040210554063
2033,-0.00657602457363
2034,0.0192760430085
2035,-0.00803307850762
2036,-0.00617965902234
2037,0.0107701739575
2038,0.00740851803701
2039,0.00439750532966
2040,-0.0135235986456
2041,-0.0436277097564
2042,0.00471092644728
2043,-0.187009428385
2044,-0.0911550856172
2045,0.0267152215717
2046,-0.388416415722
2047,0.0100942294776
2048,0.018148854977
2049,-0.11688640804
2050,-0.218814113301
2051,-0.32068640816
2052,0.00783086585832
2053,-0.0418371683248
2054,0.0752284462332
2055,-0.0471906710111
2056,-0.0733167396111
2057,-0.0647431817145
2058,-0.0331858848632
2059,0.0477507720736
2060,-0.00493744357396
2061,0.00545846052236
2062,-0.0136968522406
2063,0.0212979010381
2064,-0.00103181872032
2065,-0.0918315144642
2066,0.0107844309565
2067,-0.019784402894
2068,0.0149716568362
2069,-0.0127226569872
2070,-0.0431028422842
2071,-0.0877932944177
2072,0.00368229050667
2073,-0.0182831397641
2074,-0.102552598146
2075,-0.00875449634464
2076,0.0264350717467
2077,0.00388500472748
2078,-0.0545202082734
2079,0.0510750878199
2080,-0.00177194106183
2081,0.0853353238938
2082,0.034555620108
2083,0.0382603397128
2084,0.0399422677887
2085,-0.121789296655
2086,-0.0580887224959
2087,-0.0158160462897
2088,0.0104385017278
2089,0.0452550309744
2090,-0.00232007989683
2091,0.0814932182226
2092,-0.0132414852762
2093,-0.00983399058809
2094,0.0252512448074
2095,0.00869988653697
2096,0.175257321855
2097,-0.00457182221849
2098,-0.00162165666097
2099,-0.0270337344687
2100,0.0071347584028
2101,0.00803103407774
2102,-0.0124782132014
2103,-0.00573746671032
2104,0.0229945272662
2105,0.0177874453522
2106,0.0308252168756
2107,-0.0364408646217
2108,-0.00803230043077
2109,0.0126054924903
2110,-0.108421454316
2111,0.196614325478
2112,0.0109212289877
2113,0.0141228740142
2114,-0.0991836501501
2115,-0.0421906429466
2116,-0.00272754097851
2117,-0.148543673202
2118,0.026243823779
2119,-0.030059308901
2120,-0.045759638361
2121,-0.0506750119452
2122,-0.129388770628
2123,-0.122401877819
2124,-0.38341898829
2125,-0.904906841776
2126,-0.0184638459026
2127,-0.210475855527
2128,0.00125668549102
2129,0.0072718337738
2130,0.0116240836
2131,0.0337869402561
2132,0.0147373855588
2133,0.00281398674484
2134,-0.0109597474002
2135,0.0139422528788
2136,-0.0529819597608
2137,0.0384562676605
2138,-0.0538284490779
2139,-0.0478368917915
2140,-0.129169353778
2141,-0.001104560854
2142,0.0131772174385
2143,0.0249873714259
2144,-0.618585990647
2145,-0.0145673162066
2146,-0.0744828580362
2147,-0.0940509666271
2148,0.0220039200899
2149,-0.0115883310957
2150,-0.0207223447047
2151,0.019065366284
2152,0.000977416217519
2153,-0.0424239026142
2154,-0.0290821369803
2155,0.0475550843714
2156,-0.183992197173
2157,0.0132514095544
2158,-0.0489565729037
2159,-0.423817754956
2160,-0.238254126865
2161,-0.426524364399
2162,-0.175027387743
2163,-0.00238455365328
2164,-0.0446214072441
2165,-0.00317074594327
2166,-0.0103051364407
2167,0.00401473108982
2168,-0.0490010985586
2169,-0.0135671072114
2170,-0.00190288406085
2171,-0.0205373051269
2172,0.013183004189
2173,-0.327180539385
2174,-0.00403311882104
2175,-0.0184642420914
2176,0.0196413819989
2177,0.0647264205921
2178,-0.136955989165
2179,0.00142692511594
2180,0.0140370112446
2181,0.0448520093235
2182,-0.0749243171146
2183,-0.0362343851039
2184,-0.157570916124
2185,0.0150772800129
2186,-0.00867477459491
2187,0.00982335833022
2188,0.00698099521385
2189,-0.0608053145374
2190,-0.031764734489
2191,-0.0303825817283
2192,-0.0535892451033
2193,0.0237565814389
2194,0.0262215808513
2195,-0.0666001145365
2196,0.013841555408
2197,-0.012432767679
2198,0.0113245273271
2199,0.00103157854634
2200,-0.0759493155926
2201,-0.0166867768822
2202,-0.0558662427915
2203,-0.0596313225715
2204,0.0791408747537
2205,-0.0286982459374
2206,-0.0154838386613
2207,-0.00234044203939
2208,-0.00424051437791
2209,-0.00222725043801
2210,0.0606041105811
2211,0.0114742811199
2212,0.100702671872
2213,0.0184031420024
2214,0.0382277679692
2215,-0.53934157452
2216,-0.118258075461
2217,0.00782482726589
2218,-0.0633171033803
2219,-0.00287616717509
2220,0.020523673373
2221,-0.428878979671
2222,0.0569925602754
2223,0.0150572683864
2224,-0.215602354222
2225,-0.36061859164
2226,-0.0720978063563
2227,0.0064260189852
2228,-0.0361224502249
2229,-0.14137815149
2230,0.0579251058185
2231,0.0178770047799
2232,0.00014660928853
2233,-0.00191681784884
2234,-0.232775115291
2235,0.0136819152188
2236,-0.124437149016
2237,-0.00537403370457
2238,-0.0433609198542
2239,0.00265192490326
2240,-0.020389948644
2241,-0.045735004833
2242,-0.0725027614694
2243,-0.0887372445283
2244,-0.0776350532252
2245,-0.211405344936
2246,-0.14509505939
2247,-0.0991556474068
2248,-0.000375105835525
2249,0.00472500869197
2250,0.0238826454086
2251,-0.0229940551845
2252,-0.019027841091
2253,7.28731667578e-05
2254,0.0224756310243
2255,-0.00506980670043
2256,-0.447585910158
2257,0.0500233785569
2258,-0.00880464408093
2259,0.0282918279992
2260,0.0154411980659
2261,-0.00447687461073
2262,-0.00888422488383
2263,-0.0851882016206
2264,0.0329229775877
2265,-0.0429095473758
2266,0.0166966330548
2267,-0.00360202228767
2268,0.0767946756331
2269,-0.0223019640123
2270,0.00806322780082
2271,-0.692539524303
2272,-0.0462830253658
2273,0.0319008572154
2274,-0.0551999908937
2275,0.0409386117549
2276,-0.0897187534091
2277,-0.00596971363154
2278,-0.0444211940183
2279,0.00177688080864
2280,-0.0900181071307
2281,-0.0544880795788
2282,-0.00244293163122
2283,-0.125942593885
2284,-0.170246025929
2285,-0.122678669991
2286,-0.121662158278
2287,0.00504996003799
2288,-0.0236565114854
2289,0.0310550284575
2290,0.00438292199512
2291,-0.0833122742381
2292,-0.218584472873
2293,-0.00666446893988
2294,-0.05115457647
2295,-0.00848031985384
2296,0.0130291590598
2297,0.0353990760278
2298,-0.0265305505976
2299,0.0147319008236
2300,-0.129151111833
2301,-0.107667471802
2302,0.0349704083489
2303,-0.0738176728959
2304,-0.0299785849127
2305,-0.0705019958752
2306,-0.342762652885
2307,0.0
2308,-0.0189819157084
2309,-0.09931950354
2310,0.00464307219759
2311,0.113466194398
2312,-0.0158213829124
2313,-0.0462932782622
2314,-0.0156303324858
2315,0.0074695967847
2316,0.00588332235019
2317,-0.390191137593
2318,-0.0181513532577
2319,-0.060730354288
2320,0.0442222523947
2321,0.0139873828863
2322,0.0247409124493
2323,0.0309208812406
2324,0.00867131433692
2325,-0.00696706616449
2326,0.0139996684449
2327,-0.0913674733625
2328,-0.0488575760713
2329,-0.137045069124
2330,-0.00656500188878
2331,-0.183602220312
2332,-0.0882405697181
2333,0.00234161778203
2334,-0.0329147503285
2335,-0.125814925917
2336,-0.0139341286557
2337,0.011237148572
2338,-0.277999903947
2339,0.0417338492379
2340,0.0202525985238
2341,-0.0329997651074
2342,0.00740503579087
2343,-0.0318059265894
2344,0.0362446196321
2345,0.013542982581
2346,-0.0333481617064
2347,0.00325662672654
2348,0.0133704278805
2349,0.0208293590882
2350,-0.155160011878
2351,-0.0599730841161
2352,-0.0113974356087
2353,-0.0403238925921
2354,0.00961585546324
2355,-0.0189698984427
2356,0.0110419362863
2357,0.0110319366808
2358,-0.129505456486
2359,-0.226292923322
2360,-0.00151802792836
2361,-0.00645451456216
2362,0.00882313616363
2363,-0.00973842235976
2364,-0.00123427611975
2365,0.0211602596804
2366,0.002002437356
2367,-0.0843502703504
2368,0.00932798447896
2369,-0.0668988994472
2370,0.0533427199206
2371,0.0453982258667
2372,-0.170447502958
2373,-0.186028915811
2374,-0.00260126799237
2375,0.0285610543761
2376,-0.0562004057245
2377,0.0111714029704
2378,-0.0353866381037
2379,-0.194938072531
2380,-0.0336342154558
2381,0.0492098889902
2382,0.00928625091567
2383,0.0629840208913
2384,0.052121684412
2385,0.00123546868356
2386,0.0158381313263
2387,0.00166623669059
2388,0.00696216690989
2389,-0.0575826171764
2390,-0.31526565259
2391,-0.00404712633851
2392,0.020991586808
2393,-0.00227324384529
2394,-0.112078014856
2395,-0.0640299643153
2396,-0.00686907562996
2397,0.0159409060581
2398,0.000428479019089
2399,-0.0447709495834
2400,-0.136293979354
2401,0.00468863304031
2402,-0.071116098797
2403,0.0
2404,-0.0266284830283
2405,-0.0663181216552
2406,0.0179188776959
2407,-0.308889975659
2408,-0.0383698681567
2409,-0.267653633142
2410,-0.0590823451454
2411,-0.173594235502
2412,-0.0168590959128
2413,-0.621075843566
2414,-0.0254554298652
2415,0.00372532584635
2416,-0.00320584872301
2417,-0.0179421215289
2418,-0.0250332459089
2419,-0.337264529483
2420,-0.0312293312447
2421,0.0138132957537
2422,-0.198312214621
2423,0.0398647627557
2424,-0.00524467828434
2425,0.0282416282493
2426,0.0465841146612
2427,0.0158141278123
2428,0.0346181843058
2429,-0.0848815543896
2430,0.00795214529918
2431,-0.0121254976645
2432,-1.0711024443
2433,-0.0141542991524
2434,0.0211056617669
2435,-0.00287925079483
2436,-0.0624439513465
2437,-0.0373450127266
2438,-0.0738198132454
2439,0.0151004708771
2440,-0.030564768815
2441,0.014319505695
2442,-0.0468142845906
2443,-0.0439213384733
2444,0.0727429555825
2445,0.0139185569402
2446,-0.00107060347588
2447,-0.0229918444017
2448,0.0131471661295
2449,-0.0239140596633
2450,-0.00359843620494
2451,0.0130089294451
2452,-0.0190869315302
2453,-0.0430995277421
2454,-0.261317335033
2455,0.0496128121281
2456,-0.0344849497347
2457,0.000915566361405
2458,-0.0498339827351
2459,0.0122970424114
2460,0.0276360024711
2461,0.0239012204054
2462,-0.093051879806
2463,-0.0055338278738
2464,-0.0846791636909
2465,-0.0081221222572
2466,-0.0805741834991
2467,0.00546848287747
2468,-0.0299727627341
2469,-0.235635814676
2470,0.00212460899668
2471,-0.0479190247355
2472,0.0147548675541
2473,0.00846224285844
2474,-0.111383752619
2475,0.0202940732025
2476,-0.169608951529
2477,0.00116801350044
2478,0.0189699313052
2479,0.00358333216236
2480,-0.0129197437818
2481,0.0112540005146
2482,-0.528380735385
2483,-0.229660815614
2484,-0.0295023338348
2485,-0.01104570399
2486,-0.0727228448234
2487,-0.0251561379009
2488,0.0750868350389
2489,0.0539547671861
2490,-0.0171775319263
2491,0.0114507291286
2492,-0.0397639108129
2493,-0.0576795852031
2494,-0.0155421428566
2495,0.00899018906433
2496,-0.136873004625
2497,0.00310152897856
2498,-0.0379143254063
2499,0.00454013205416
2500,0.0274122282847
2501,0.0247627831171
2502,-0.0294241942554
2503,0.0475192926745
2504,-0.000971790562243
2505,-0.100363000325
2506,0.0205231440906
2507,0.0140398756541
2508,-0.159316824883
2509,-0.0235180503646
2510,-0.0210813463295
2511,-0.0297514541371
2512,-0.0254561163607
2513,-0.0918101070045
2514,-0.0430200720784
2515,-0.0475158458753
2516,-0.0926218227384
2517,0.019066037012
2518,0.0121296860879
2519,0.0104949357366
2520,0.00691018428724
2521,-0.0574067994854
2522,-0.0805398925142
2523,-0.0447533049369
2524,-0.0135659014873
2525,-0.0473455827766
2526,0.0259517553632
2527,0.0138197844108
2528,0.0165901585981
2529,-0.023603981686
2530,-0.0306847972088
2531,0.0300498875748
2532,-0.00248153918852
2533,-0.101460972755
2534,-0.055078193384
2535,-0.09436415726
2536,-0.25294887349
2537,-0.123701680696
2538,-0.0354542998883
2539,-0.0195972540416
2540,-0.061405057698
2541,0.0390165786141
2542,-0.0968748322996
2543,0.0
2544,0.0747010057168
2545,-0.19422504662
2546,-0.0051390143511
2547,-0.0576921971184
2548,-0.00776933392107
2549,-0.0924986555247
2550,-0.0420480595703
2551,-0.043062970285
2552,-0.0291544328835
2553,0.00594188516428
2554,0.00787831544128
2555,-0.0634592868054
2556,-0.0598909555247
2557,-0.0282554032502
2558,0.0486766785283
2559,0.0129721996953
2560,-0.146302567396
2561,-0.0135808215516
2562,0.0015403007598
2563,-0.0253992772144
2564,-0.0880571746538
2565,0.103895887049
2566,-0.0299247417876
2567,-0.0186744355511
2568,0.00877118147938
2569,-0.0276600761881
2570,-0.14546227984
2571,0.00806112124142
2572,-0.0123015992048
2573,0.00548964610035
2574,0.000684970950897
2575,-0.180072505688
2576,0.00193823770507
2577,0.0
2578,-0.0267179443014
2579,0.0132943850717
2580,0.00690831503935
2581,0.0978161701473
2582,-0.00105050513613
2583,0.0776399669222
2584,0.00305101649173
2585,0.0187570605074
2586,-0.171804719341
2587,-0.0477739320882
2588,-0.0688876487237
2589,0.0180628254349
2590,-0.0346526992821
2591,0.00758353815994
2592,-0.0273461220244
2593,-0.0340220164481
2594,0.039282272086
2595,-0.086664183257
2596,-0.069670423189
2597,0.0068977841679
2598,-0.0589589241585
2599,-0.00499525669005
2600,-0.0380888038814
2601,0.00831980019207
2602,0.0191958394194
2603,0.0124205340569
2604,0.00127783034739
2605,-0.0947784247726
2606,-0.00164980641136
2607,-0.0363783919522
2608,-0.0379480536132
2609,0.00456752486562
2610,0.00699585928606
2611,-0.0965442644409
2612,-0.0395718240521
2613,-0.0163994663442
2614,-0.00699908012067
2615,0.0136104849651
2616,-0.0739282771975
2617,0.0109878967441
2618,0.0127470890695
2619,0.0113015401432
2620,-0.0116638941621
2621,-0.0175459800867
2622,-0.0129859277762
2623,-0.157231627399
2624,0.0209201122532
2625,0.0701917002069
2626,-0.0720158396706
2627,-0.0883694949545
2628,-0.134007529548
2629,0.00905756867179
2630,-0.00441201041042
2631,-0.0279940749734
2632,-0.094424548215
2633,-0.0840695493122
2634,0.0172117321753
2635,0.0221121886819
2636,-0.0110484376105
2637,0.0111372320241
2638,-8.73440637358e-05
2639,-0.0153046923811
2640,0.0277911788734
2641,-0.0621799917902
2642,0.0207732617332
2643,-0.0167370919864
2644,-0.018502256255
2645,-0.0498560184223
2646,0.0211126776405
2647,-0.0717120832088
2648,-0.00347709459236
2649,-0.0356341906634
2650,-0.0147747336743
2651,0.0071252558926
2652,-0.0374970047415
2653,-0.00104044272477
2654,-0.00643293886392
2655,-0.0766810961049
2656,0.0111004410427
2657,-0.0665092974969
2658,0.0134340967242
2659,-0.15225753772
2660,0.0203990300579
2661,-0.00765997172343
2662,0.00314340387412
2663,-0.0585661845114
2664,0.0015526179261
2665,-0.0184096740098
2666,-0.0476599575222
2667,0.00121466850692
2668,0.0309095235247
2669,0.025026850722
2670,-0.0306760243739
2671,0.0275542523122
2672,-0.0508557333401
2673,-0.111118215
2674,0.00114029362692
2675,0.00529745252215
2676,0.0792303428437
2677,-0.0285971142587
2678,0.0246415967276
2679,0.0178449334786
2680,0.0504223769956
2681,0.0341724208067
2682,0.0171608181452
2683,-0.0311866590242
2684,0.0
2685,0.014733290913
2686,-0.00855445941394
2687,0.000911394607799
2688,0.00705529057269
2689,-0.000296922053414
2690,-0.00409898719651
2691,-0.0339699707003
2692,0.0248720617068
2693,-0.0943208224946
2694,-0.0129436872547
2695,0.0123353486616
2696,-0.0363953103693
2697,0.0257537300516
2698,0.0129854512537
2699,0.00997986852398
2700,-0.0278284109818
2701,0.0266608196904
2702,-0.214109546745
2703,-0.0539940992753
2704,-0.0817375127024
2705,-0.0758548454526
2706,-0.100980637512
2707,0.0138818757603
2708,-0.097319254281
2709,0.00447461613641
2710,0.0157718572362
2711,0.0141464863187
2712,-0.000960419746949
2713,0.00531151790499
2714,-0.153379391037
2715,-0.0109054158225
2716,-0.0428835837968
2717,0.0231943007368
2718,-0.0346172632039
2719,0.0237264194124
2720,-0.0697097205202
2721,-0.00439548011657
2722,-0.0130831934641
2723,0.0211039441823
2724,-0.00300001356541
2725,0.0168811621735
2726,0.00202455917836
2727,0.0205056501169
2728,0.00704768298869
2729,-0.00444215754296
2730,0.00870963426823
2731,0.022242313898
2732,0.00781312279318
2733,0.0182847175145
2734,-0.0308059462133
2735,-0.0013725237345
2736,-0.0210569812992
2737,-0.0378316168797
2738,-0.0141959175522
2739,0.0180748158445
2740,0.0
2741,-0.00704491286436
2742,-0.0385238940363
2743,-0.00814985620431
2744,0.0249098716389
2745,-0.0838834244039
2746,0.0138610767018
2747,-0.0296516615989
2748,-0.00165431326229
2749,0.0301115066696
2750,0.0249290971953
2751,0.00409174475258
2752,-0.0211899199831
2753,-0.0456749933255
2754,0.014260380278
2755,-0.0302001512219
2756,-0.00855948227827
2757,-0.0651926350155
2758,0.013905891548
2759,-0.00356482251888
2760,-0.0299823577493
2761,0.0
2762,-0.000597654881085
2763,-0.00459084977716
2764,-0.0310561883471
2765,0.00147479141477
2766,-0.0252698729841
2767,-0.0588367628497
2768,0.00812404288322
2769,0.0163471564199
2770,0.0
2771,0.0185018152345
2772,-0.01331959356
2773,-0.0298495288064
2774,-0.0782118308013
2775,-0.026190448035
2776,0.0344760258475
2777,0.0139048449703
2778,0.00655594355636
2779,0.0205974461577
2780,0.00736284284463
2781,0.0028961300376
2782,-0.0205769753484
2783,0.0
2784,0.000786727892335
2785,-0.0322061897057
2786,0.0019649285108
2787,-0.0698122007129
2788,0.0243556517126
2789,0.0349468039976
2790,0.0479278520799
2791,0.0240248301662
2792,-0.0468656347362
2793,0.00438630774565
2794,0.0340166043457
2795,-0.0165813367048
2796,-0.0284091711282
2797,0.00704925764665
2798,0.00164359023544
2799,-0.0346271381031
2800,-0.034314669236
2801,-0.00121721265322
2802,0.0235823328316
2803,0.0333486210654
2804,0.0449118022901
2805,0.0145203318095
2806,-0.0190187914053
2807,0.0347967613952
2808,0.027733286147
2809,0.0100481232625
2810,0.0284960449883
2811,-0.0310186933207
2812,0.0244947692106
2813,0.0101249274468
2814,-0.0361616411152
2815,-0.0322347751127
2816,-0.00566928328557
2817,-0.0244577857316
2818,-0.0183685182065
2819,0.0318893594044
2820,0.0274412445977
2821,-0.0129555756317
2822,-0.00561804080512
2823,0.00496030197194
2824,0.0391450173261
2825,-0.030039184141
2826,-0.00785856543161
2827,-0.000923475603519
2828,-0.00620937397076
2829,0.0223567954726
2830,-0.0153626328406
2831,-0.0160961878999
2832,-0.0191102532624
2833,-0.0636736161612
2834,0.015519912688
2835,0.0248170100013
2836,-0.0603479229167
2837,-0.0459209133452
2838,-0.116319321134
2839,-0.0336974258308
2840,-0.0438318097129
2841,-0.00603057238664
2842,-0.00916898081316
2843,0.027901118509
2844,-0.0554168730704
2845,-0.0702535096514
2846,-0.0239923054992
2847,-0.103835638059
2848,0.0201774549984
2849,-0.0124572572822
2850,-0.0377198828907
2851,-0.030744689815
2852,-0.0915033854983
2853,-0.0466123560084
2854,0.000687638759049
2855,-0.00197434771856
2856,-0.119193191141
2857,-0.0317316465385
2858,-0.00278916782057
2859,0.0245430165646
2860,-0.0134579016887
2861,-0.0169857238878
2862,-0.0343676555558
2863,0.0161740839022
2864,0.0243625114832
2865,-0.0409511619539
2866,-0.00241481083581
2867,-0.0185283536285
2868,0.0140650618963
2869,-0.0772813799265
2870,-0.00687782823404
2871,-0.0361523975094
2872,-0.0188373651643
2873,0.00749626349755
2874,0.0
2875,0.0156094680577
2876,0.013489892583
2877,0.00640829158086
2878,-0.030356784541
2879,-0.0131990407206
2880,0.00150159709682
2881,0.0143057124929
2882,-0.0464644117649
2883,0.00362642467637
2884,0.0123972583126
2885,0.0175749898423
2886,0.00328751242852
2887,-0.0410294978036
2888,0.0242387614859
2889,-0.0121650532564
2890,-0.0237217810571
2891,-0.0505280133688
2892,-0.0868317348249
2893,0.00694982527928
2894,0.00436353012439
2895,-0.00339894570215
2896,-0.0243246394301
2897,0.0050012878287
2898,-0.053564119606
2899,-0.017335724611
2900,-0.0150410240827
2901,0.0345970716335
2902,-0.0241637415901
2903,-0.0530727381773
2904,0.0129924917059
2905,-0.00114630893948
2906,-0.0288730603589
2907,-0.0406054519239
2908,0.00248325772974
2909,-0.00186026357813
2910,-0.180847397184
2911,-0.00625418264354
2912,-0.00810312863933
2913,-0.0215928921374
2914,0.0296455611467
2915,0.0130689612437
2916,-0.0517187876253
2917,-0.0566940074136
2918,-0.0275761987927
2919,-0.000692889133146
2920,0.0121026713215
2921,0.000419815655491
2922,0.00546116697841
2923,0.00536279178449
2924,-0.00918688144375
2925,0.0270566423999
2926,-0.0190339709672
2927,0.0234899228722
2928,0.0177080496182
2929,0.0187406594429
2930,-0.0040804205174
2931,0.104414550104
2932,0.00690146704479
2933,0.00691379796517
2934,-0.0355423159212
2935,0.0271030095959
2936,-0.00453183006855
2937,0.00122444999499
2938,-0.122687183651
2939,0.0194348825186
2940,0.00660036668727
2941,-0.0543476421943
2942,-0.0283792717266
2943,-0.262846429915
2944,-0.0110468502614
2945,-0.0402524701327
2946,0.00385964647875
2947,-0.0131551956715
2948,-0.0185787411578
2949,-0.121047365265
2950,0.0288672569139
2951,-0.0454819609579
2952,-0.0495890366933
2953,-0.0250985088685
2954,0.0
2955,-0.0179177348206
2956,0.00703106793139
2957,-0.0304276320841
2958,-0.00676615726861
2959,0.0164624130266
2960,0.00378411277289
2961,0.0150444385796
2962,-0.0315492648108
2963,-0.0315501483293
2964,0.0341208090055
2965,-0.0164914279883
2966,-0.0341503729124
2967,-0.0598619609938
2968,-0.0736519838007
2969,-0.0210035024269
2970,0.00349494016299
2971,-0.0317936044967
2972,0.0137037441197
2973,-0.0516748064673
2974,0.0110048501397
2975,0.00688868372204
2976,0.0163432134398
2977,-0.00480447533857
2978,0.0274884754274
2979,0.00697704062801
2980,0.0125542528337
2981,-0.0441568935997
2982,0.0106551420492
2983,0.00137536887708
2984,-0.00580191555382
2985,-0.0307473605574
2986,-0.0423067952199
2987,0.0234720101571
2988,-0.0110244390975
2989,0.0112620284065
2990,0.00707738445086
2991,-0.00734978882571
2992,0.000493830998574
2993,-0.0389699685209
2994,-0.0619113028215
2995,0.0206156035254
2996,0.00411031360031
2997,0.00464491579529
2998,-0.135539015698
2999,-0.0252741741966
3000,0.00622538226587
3001,0.00175999455956
3002,0.00689910935658
3003,0.00835686721305
3004,-0.0248671998573
3005,0.0188681308305
3006,0.0
3007,-0.0836719306317
3008,-0.0204831344226
3009,-0.252395275804
3010,-0.0453884173791
3011,-0.0346472642452
3012,0.0221193711212
3013,-0.00671658233778
3014,-0.0128729605594
3015,0.0318051748557
3016,0.0114567171598
3017,-0.00341546753046
3018,-0.0132352705718
3019,-0.000348043855357
3020,-0.00615957753159
3021,-0.00658437879677
3022,-0.0115497178804
3023,0.0137654034659
3024,0.0
3025,-0.0268678236143
3026,0.0117333664935
3027,0.0603346963644
3028,0.0177212139665
3029,-0.0288389155351
3030,0.0244695608641
3031,0.00159870497675
3032,-0.00724731307659
3033,0.00954010198825
3034,0.0296362648858
3035,0.0509045319304
3036,-0.00453010222781
3037,-0.0536067156991
3038,0.0212160409311
3039,-0.0198808335097
3040,0.0120413212786
3041,-0.0363659984867
3042,0.0251267321337
3043,-0.00512905807792
3044,0.0155370953191
3045,-0.00780430887647
3046,0.00700201372643
3047,0.0523378913149
3048,-0.00967761299646
3049,-0.0183666173722
3050,0.0100041175163
3051,0.0146308574367
3052,0.0115210837406
3053,0.0204991101016
3054,0.0139563533237
3055,0.0
3056,0.023261738506
3057,0.00408035200303
3058,-0.0134327522935
3059,-0.00968758149641
3060,0.0331583894646
3061,-0.00609691973093
3062,0.00703760706085
3063,-0.0142358877713
3064,-0.0137135193252
3065,-0.0303594843731
3066,-0.0296720111402
3067,0.0
3068,0.0140749493053
3069,0.041338133016
3070,-0.0289245831974
3071,0.0384754310829
3072,-0.0128503797969
3073,-0.0717605336247
3074,-0.030427672596
3075,0.0238187011556
3076,-0.0374379222621
3077,0.0381108413028
3078,-0.0386012265748
3079,0.0282908816333
3080,-0.0432707565253
3081,0.0
3082,0.00463000886953
3083,0.0342555292115
3084,0.0369254601024
3085,0.0283224886581
3086,-0.0185936353959
3087,0.0250667299466
3088,-0.00759696479472
3089,0.0042864788446
3090,-0.000941215736362
3091,0.00857462606512
3092,-0.0262131779738
3093,-0.00544723781606
3094,-0.00183562357416
3095,-0.020843318644
3096,0.006628817324
3097,-0.00610783853091
3098,-0.040948765648
3099,-0.0566396346247
3100,0.00547767399669
3101,-0.0564300135574
3102,0.0
3103,-0.159856470688
3104,0.0373372849918
3105,-0.0111164678542
3106,0.0183952691191
3107,-0.00145135073058
3108,-0.0554025970847
3109,-0.0461156964647
3110,0.00781933562344
3111,0.0476818461025
3112,-0.0377349094946
3113,0.0545860273321
3114,-0.0701458482041
3115,0.0277849954429
3116,-0.00581789334782
3117,-0.0408733320734
3118,-0.00843322024825
3119,0.0202199842187
3120,0.038750992385
3121,-0.0495938651693
3122,-0.00889203983102
3123,-0.122052495896
3124,-0.0241697301743
3125,0.0291993932376
3126,0.0414837559572
3127,0.00987371943336
3128,0.0141103764626
3129,0.00648586764071
3130,0.00278434119714
3131,-0.0524316352876
3132,0.0248642463467
3133,0.0139510842201
3134,0.0138303320008
3135,-0.00638444128373
3136,0.00723641904905
3137,0.024638456285
3138,0.0259936530781
3139,0.0432149603453
3140,0.010619511161
3141,-0.0450310132562
3142,0.0178099786647
3143,-0.0253551096272
3144,0.0149247930124
3145,-0.00583641552978
3146,-0.0155892626056
3147,-0.0429431521725
3148,-0.0381543517821
3149,-0.0260564920361
3150,0.0962581092839
3151,-0.0285392405427
3152,0.00441006270268
3153,0.0356746368426
3154,-0.0220031652373
3155,0.0152081462049
3156,0.0302032314472
3157,0.0206951929983
3158,0.00352979835608
3159,-0.0126334340897
3160,0.00538280554301
3161,0.00801744080654
3162,-0.00400554550785
3163,-0.0562176922848
3164,0.0
3165,0.0226448199517
3166,0.0204220897057
3167,0.0138553554861
3168,0.0147045514505
3169,-0.0750872825795
3170,-0.00841306248906
3171,-0.043899809829
3172,-0.00745763423346
3173,-0.125540802956
3174,0.00958086357056
3175,-0.00748164502601
3176,-0.0171848980865
3177,0.0
3178,0.0148979183406
3179,0.0419387641359
3180,0.0693017121868
3181,0.0189902763336
3182,-0.167981863562
3183,0.00270423498556
3184,0.0042995868685
3185,0.0148355934478
3186,-0.0602823854028
3187,-0.0238441420881
3188,0.0209998222924
3189,0.0120494380771
3190,0.00536848725976
3191,0.0186181430105
3192,0.0101751959562
3193,-0.112848217607
3194,0.00670868890054
3195,0.00712544295098
3196,-0.0635069490697
3197,-0.0202667688239
3198,-0.0622902488248
3199,-0.0262564836766
3200,0.0173734436549
3201,0.0146556777225
3202,0.0146664521816
3203,0.02360134098
3204,-0.0244311466278
3205,0.00684110099472
3206,0.00277514061327
3207,-0.0111582432328
3208,-0.00248033752594
3209,0.0323711005369
3210,-0.0141396966281
3211,0.0018135048777
3212,0.00900221910602
3213,0.0239120850976
3214,0.0476546528903
3215,0.0384191953164
3216,0.0156606808858
3217,0.0217181384786
3218,-0.0114866974694
3219,-0.012992720516
3220,-0.0380594437723
3221,0.0166593631428
3222,-0.0234871963177
3223,0.0223474892164
3224,0.00707117392329
3225,-0.0189195294399
3226,0.0124788282626
3227,0.00437470023784
3228,-0.00829783163199
3229,0.00786736929828
3230,-0.0174566131477
3231,-0.0283595895412
3232,0.00038849655475
3233,-0.0458263418015
3234,0.0137172696502
3235,0.0271828053662
3236,0.0133483494252
3237,0.0351970507975
3238,0.0270119454916
3239,0.020979585598
3240,-0.028746362131
3241,0.00164959584846
3242,0.0207579043572
3243,0.0409099249994
3244,-0.0210859789539
3245,0.0103101037679
3246,-0.0273869933134
3247,-0.0279982422517
3248,-0.00458246164192
3249,0.0735955572364
3250,0.0156474798166
3251,0.0123199095632
3252,0.0436874084237
3253,0.0112272604359
3254,-0.0231143590457
3255,0.0029038342416
3256,0.00135785007368
3257,0.0264894666809
3258,0.0149393440886
3259,-0.0113158009498
3260,-0.0111982219005
3261,-0.00433408441452
3262,-0.00133905518745
3263,0.00155056238552
3264,-0.0219541328004
3265,0.00536553938454
3266,-0.00893883696764
3267,0.00426730920846
3268,-0.00417434058939
3269,-0.00603475685
3270,-0.00546720785438
3271,-0.0166855262921
3272,0.100516736793
3273,-0.0247898190284
3274,0.0139847589413
3275,-0.0569689018197
3276,0.0117585866155
3277,-0.0157387785154
3278,0.0152380770563
3279,-0.0209207542542
3280,0.0102411055172
3281,-0.106136444066
3282,0.0142900792343
3283,-0.00207960439773
3284,0.00761493197329
3285,-0.00577289911308
3286,0.0070550708082
3287,0.0020253775065
3288,-0.0277895588315
3289,0.0
3290,0.0147691946689
3291,0.0959920642561
3292,0.0
3293,0.00464753019687
3294,0.0488771973422
3295,0.0346388072508
3296,0.00248699275969
3297,0.0274514382469
3298,0.0680504244249
3299,0.00705684007703
3300,0.0149710635736
3301,0.00267390971475
3302,-0.012983729869
3303,0.0158293835585
3304,0.0117583447635
3305,0.0231788663867
3306,0.0312435440399
3307,0.0497354441221
3308,-0.0315209696348
3309,0.00677928703648
3310,0.00399410362042
3311,-0.00832267218295
3312,0.0214253811626
3313,-0.0210874520943
3314,0.0451560941564
3315,0.00611646080428
3316,0.0099017671795
3317,-0.0188650180687
3318,-0.0439279538486
3319,-0.00165566733679
3320,0.0202705126031
3321,0.0134108757284
3322,0.0643755586825
3323,0.00102593205461
3324,-0.0512525183885
3325,0.0113196272464
3326,0.0139230291397
3327,-0.0205243152304
3328,-0.00586999063325
3329,-0.0247240908511
3330,0.0140945802332
3331,0.0
3332,-0.0402435738086
3333,0.0207299238557
3334,0.00460694446253
3335,-0.00801732199793
3336,-0.0396499649291
3337,0.00704785574806
3338,-0.0192100817091
3339,0.0249659224634
3340,-0.0196772747014
3341,0.0183077386709
3342,0.00270284378853
3343,0.0113853847987
3344,0.0119452026438
3345,-0.068558932022
3346,0.0104169964357
3347,0.00389969124929
3348,-0.0840967957231
3349,-0.00589219463902
3350,-0.00307011132644
3351,0.022182525681
3352,0.0042524615057
3353,0.052304643724
3354,0.00816158236246
3355,-0.00279516169227
3356,-0.0420729141865
3357,-0.0119008230715
3358,-0.0338184446533
3359,-0.0112676911602
3360,0.0
3361,0.00710441225622
3362,-0.00646278265243
3363,0.0283749499847
3364,0.0291527343431
3365,-0.0151627789638
3366,-0.02587203
3367,0.0145331189333
3368,0.0447843153998
3369,0.0485931209064
3370,0.008037319216
3371,0.0109314743474
3372,0.0279866179236
3373,0.0109069607431
3374,0.0137723892857
3375,0.0386321835829
3376,0.0273313580199
3377,-0.0101705066702
3378,0.0462377686774
3379,0.00298398760769
3380,0.0180350272172
3381,0.0166350416817
3382,-0.0172691789255
3383,0.00531538968807
3384,-0.00694397456508
3385,-0.00293100535771
3386,0.0557712643702
3387,-0.0338206065777
3388,0.00970148491178
3389,0.0346927795053
3390,0.0314278840413
3391,-0.0476323225358
3392,0.0478448269154
3393,-0.00558323612969
3394,-0.0341262539172
3395,0.0277664063734
3396,0.00752273855141
3397,-0.0129461651537
3398,-0.0365136293265
3399,0.00549900922951
3400,0.0139798496439
3401,-0.00912524450898
3402,-0.0110082160367
3403,-0.00162525732968
3404,0.0
3405,-0.00553259120195
3406,-0.00871009897445
3407,0.0124341090591
3408,0.0155504979206
3409,0.0142199693959
3410,0.0180914622454
3411,0.0175115187851
3412,-0.0208028800316
3413,0.0150057159075
3414,0.0152252307936
3415,0.020919757729
3416,0.00417087707725
3417,0.00241851362877
3418,0.0
3419,-0.00429034985332
3420,-0.0217386700018
3421,0.0180181144368
3422,0.00430865376937
3423,-0.00125168481859
3424,-0.00104192763464
3425,0.0341777442961
3426,0.0186922782163
3427,0.00131972183644
3428,-0.0120340012794
3429,0.000997782701933
3430,-0.00490633103283
3431,0.00712370868073
3432,0.0
3433,0.00112395690135
3434,-0.00861248190184
3435,0.0139158987782
3436,0.0
3437,0.000942671793898
3438,-0.00301929014554
3439,0.00516650971164
3440,-0.0354641947643
3441,0.00153129667036
3442,0.00123292329963
3443,-0.0353619209784
3444,-0.0155031087155
3445,0.00413088012406
3446,-0.00813160380919
3447,0.0312554208903
3448,0.024887382858
3449,0.00690702047778
3450,-0.00906475487817
3451,0.0441098281722
3452,-0.0128821986089
3453,-0.0117089288823
3454,-0.00568714452531
3455,0.0
3456,-0.00337316700326
3457,-0.0227222791797
3458,0.00433399207963
3459,0.0138154705468
3460,-0.00878082830185
3461,0.0372880227508
3462,0.00742561042498
3463,-0.00240421728483
3464,0.0138115365048
3465,0.00704867957336
3466,0.04696799313
3467,-0.0192730808601
3468,0.0381451797376
3469,0.0
3470,-0.0242752790566
3471,-0.0186571041524
3472,-0.0165478538823
3473,-0.0259833029175
3474,0.00261274620182
3475,-0.00875974092655
3476,0.0
3477,0.0
3478,-0.00284184788014
3479,0.0137134818514
3480,-0.0179491732544
3481,0.00170172021636
3482,0.0210528244651
3483,-0.0210782756632
3484,-0.00281076356764
3485,0.0145456700618
3486,0.0
3487,0.00698516631979
3488,-0.0177845636427
3489,0.0
3490,0.0
3491,0.0
3492,0.00744676366836
3493,-0.0124635483812
3494,0.0
3495,-0.012923158706
3496,0.0111277729303
3497,0.0410110232932
3498,0.0210313651381
3499,-0.00480661066264
3500,-0.0228766515076
3501,0.0
3502,0.000978424658238
3503,0.0
3504,0.00717981111373
3505,0.0
3506,-0.0317562254321
3507,0.00964664500604
3508,0.0139802638933
3509,0.0130067559631
3510,0.0310671172139
3511,-0.0318982065088
3512,0.00151768515107
3513,0.0142970371016
3514,0.0
3515,0.0149876671984
3516,0.00398051254912
3517,0.000997808379942
3518,0.0
3519,0.0
3520,0.0211225516213
3521,0.0275140095237
3522,0.00411249590272
3523,0.0479699070769
3524,0.00419176848513
3525,0.0
3526,0.0138300905503
3527,0.0107569623216
3528,-0.0286050501494
3529,0.0213567441402
3530,0.0143050986351
3531,0.00694234542955
3532,-0.0175844251709
3533,-0.0273372991585
3534,0.00712380257795
3535,0.00708380647624
3536,-0.0520661353621
3537,-0.0226626175032
3538,0.00697747219168
3539,-0.0230182946888
3540,0.0141279031037
3541,0.0141503770753
3542,0.0
3543,0.00714633428825
3544,0.0
3545,0.0
3546,0.0
3547,0.00705018700648
3548,0.0
3549,0.00704721010665
3550,0.0
3551,0.0
3552,0.00683540435527
3553,0.0
3554,0.0
3555,-0.00292431054876
3556,0.0
3557,0.0
3558,0.0
3559,0.0
3560,0.0
3561,0.0
3562,0.00705129307673
3563,0.0
3564,0.0
3565,0.007124849214
3566,0.0
3567,0.0
