,0
0,-0.00284626928623
1,0.00189771526504
2,0.00379678316346
3,0.00756708906632
4,0.000946946752066
5,6.38624800166e-07
6,-0.0028458302905
7,-0.000950051143279
8,-5.27134763594e-07
9,0.0028452176287
10,0.00379977793339
11,-0.00284063963958
12,0.000949077233748
13,0.00189952792771
14,-0.000943055376147
15,6.20191238002e-07
16,-0.00284559173923
17,-0.00189787004596
18,1.41037836824e-06
19,-0.000945761864682
20,0.00379608604314
21,3.0280228532e-06
22,0.000948034291299
23,0.000950237775867
24,1.67620490264e-06
25,0.0038008630827
26,-0.000949228227322
27,-0.000950245027694
28,-1.00965032174e-06
29,0.00284729043156
30,-0.0018992923227
31,0.000952951816055
32,-0.00284826138756
33,0.000949765661826
34,0.00095009919301
35,-9.25076671549e-07
36,-0.00189645059919
37,-0.00189769183369
38,-0.000949192002035
39,-8.48273918197e-07
40,0.00094908888772
41,0.0
42,0.0
43,-0.00284741669302
44,0.000949459640704
45,0.000949691831515
46,0.00569124724363
47,0.000948524992412
48,-0.00189316500969
49,0.00284335684678
50,0.00853366242118
51,-0.00379493182487
52,-0.00284640307384
53,-1.88702838202e-06
54,2.55087642505e-08
55,0.0
56,0.00189923160969
57,-0.00189783238639
58,0.00189770795953
59,0.0
60,0.00189825770848
61,-0.000949768586295
62,-0.00284738703672
63,-0.0037949788417
64,-0.00189937516595
65,-0.000949927584327
66,-0.00189959239979
67,-0.00189505739278
68,-0.000948345743593
69,6.3308626695e-07
70,0.000949751440038
71,0.00094927051272
72,-0.000947644826835
73,-1.48039976358e-06
74,0.000948938504499
75,-0.000949073844481
76,-0.000949304985279
77,-0.000951234806479
78,-0.0009513054852
79,2.90190305736e-06
80,4.08030350012e-06
81,0.00283964668644
82,0.00189824021527
83,-0.000945450021852
84,-0.00189819701171
85,0.00285024083873
86,8.66716702952e-07
87,-0.00379453035435
88,0.00474381278334
89,-0.00474079906863
90,0.000947894834646
91,-1.15479868572e-06
92,0.00284741903076
93,-0.000948582504464
94,-0.00379643536129
95,0.000950836279638
96,1.83162449356e-06
97,-0.00189832923492
98,-0.000948762166921
99,0.0
100,0.00189927279492
101,0.0
102,-0.00284509892252
103,5.42916880448e-06
104,-0.000947208122096
105,0.000951453999847
106,0.00851705743066
107,0.000949282521979
108,0.0
109,2.17364033627e-07
110,-0.0028471876741
111,0.0
112,-0.000950011622962
113,-0.00189856112554
114,-0.000950297460372
115,0.00189857975141
116,-0.000949370451909
117,-0.00094986895946
118,0.00284648817526
119,-0.000948497794116
120,0.0
121,0.0
122,9.94671341768e-07
123,3.12704089831e-07
124,-0.00284521965322
125,-6.48373447385e-07
126,0.0
127,0.00284709968048
128,0.000949795285038
129,0.000949756152515
130,-0.000946421000088
131,0.00189926314213
132,-0.00284506134842
133,2.27724284157e-06
134,1.66016471556e-06
135,-0.00189892682268
136,-0.000947579007181
137,-0.00284678505109
138,-0.00189778050002
139,0.00284774467841
140,0.00189890992628
141,-0.00189959173851
142,0.000950238321138
143,0.00189830477012
144,-0.00189585417082
145,-0.000947821115397
146,3.11937138285e-06
147,0.00189951716015
148,-0.00189850296269
149,3.42699309311e-07
150,-0.000947756991004
151,-0.00284800863243
152,0.000949893975857
153,0.0018980298234
154,-0.00378832410368
155,0.000949870330115
156,-0.00189711140031
157,-0.00284594313161
158,-0.00190028491538
159,0.00095088715413
160,-0.000948032312568
161,-0.00189644335696
162,-0.000949340018356
163,0.0
164,0.00284990573765
165,0.0037931224248
166,0.000949894790374
167,0.0
168,0.00379398761997
169,0.0198425438771
170,-0.00189600119775
171,2.80134408608e-06
172,-0.00284321911541
173,-0.000949318777657
174,-0.0009503685215
175,-0.000942225597326
176,0.0170304180944
177,2.29266533445e-06
178,0.000946701961747
179,0.0123100459144
180,-0.00284587513305
181,1.69743411808e-06
182,0.00189936878387
183,-2.15862562148e-07
184,-0.000950950748172
185,-0.0018949143519
186,-0.000947624756354
187,0.000949815157095
188,0.0028462265663
189,-0.00189921006354
190,-0.000950126382658
191,0.0
192,0.0
193,-0.000949268577569
194,1.63792714195e-07
195,-0.000950156781764
196,-0.00284767434251
197,0.000951489665614
198,-1.0167285777e-06
199,1.32809737058e-06
200,0.00284893983967
201,0.0
202,0.00189941769324
203,0.0
204,-0.000949342694825
205,-0.00284715739699
206,0.000949871787334
207,1.81190394059e-07
208,-0.000947785234854
209,0.000949722162962
210,3.5142289677e-07
211,0.000950065320752
212,0.000951978851322
213,0.00474020988321
214,0.00189631537501
215,0.0018999260803
216,0.000947805590389
217,0.000950150327516
218,0.0047424956003
219,-2.466684136e-06
220,-0.00284800444099
221,-0.00284651668366
222,0.0
223,-0.00189545372
224,-0.00284266236949
225,0.0
226,0.00284496214262
227,0.00189607109306
228,-0.000950006093047
229,-0.00189828393686
230,-0.000949464090023
231,-0.00284733442121
232,-0.00189537689798
233,0.000949068443646
234,-0.00379598663064
235,0.0
236,0.00189919761696
237,0.0
238,-0.0018992340896
239,0.00568727746185
240,-0.000952541073245
241,0.000948563196037
242,-0.00189255274994
243,1.20351449986e-07
244,0.000950552490571
245,3.64048702404e-07
246,-0.000945305813439
247,0.00379513725466
248,0.00284511032248
249,0.00284738022869
250,0.00189904202488
251,0.0
252,0.0
253,-0.00189841005675
254,-0.00094762200855
255,0.00284875857917
256,-0.00189847452511
257,0.00095048409792
258,-0.000945236161486
259,0.0113579781403
260,-0.000950812181477
261,0.000949183269881
262,-0.00189277080211
263,0.00189762707706
264,-0.00379539055632
265,0.000949650018476
266,0.00189967011811
267,0.00189831013447
268,-0.00189757911497
269,-2.15034858683e-06
270,0.0
271,-0.000944934221505
272,0.000948890027481
273,0.00757875031305
274,0.00379354851867
275,1.77398948844e-06
276,0.00189739984059
277,-0.00284744369151
278,-0.00377722471685
279,-0.000949308646626
280,-0.00284573158039
281,-0.00379811949414
282,-0.00379495427998
283,0.00852849003318
284,0.000949988945725
285,-0.00189744681083
286,-0.000951265631205
287,0.00663795255767
288,0.0
289,0.00189431696181
290,0.00284752902311
291,2.49204649417e-06
292,-0.000950331626121
293,0.000949265504164
294,-0.000950041530866
295,-0.00094921548141
296,-0.00189829696134
297,-0.000947700867401
298,-0.000949016034778
299,4.56033897859e-06
300,2.42380175422e-06
301,0.000950454426711
302,-2.7295936085e-07
303,-3.81983668889e-07
304,0.000949150296476
305,0.000950886868108
306,-2.61690264352e-07
307,-0.00189604972846
308,-0.000948763501832
309,0.00284850508701
310,0.0
311,-0.00189800057533
312,0.00189724347627
313,0.000949462652333
314,-7.82612338511e-07
315,0.0104220803418
316,-0.000948146064636
317,0.0
318,7.75468184761e-06
319,-2.22400225281e-06
320,-0.00094525053249
321,-0.00189591226494
322,-0.000950032034186
323,0.00189846598627
324,-0.00189692182242
325,-0.00284321531241
326,0.0
327,4.58707405566e-07
328,-0.000947618142707
329,-0.000948730868917
330,-0.000950256024258
331,0.0
332,0.000950039481676
333,-1.13101680418e-06
334,-0.00284734094289
335,0.00284812878106
336,0.00284750036992
337,0.00568598874982
338,0.00189916713755
339,-0.00189804695705
340,0.00095024719713
341,-6.92615726748e-07
342,-0.00379310547381
343,-1.20839469713e-06
344,0.000945832875555
345,-5.79528422109e-07
346,0.00474341321261
347,0.000950111570041
348,0.00189768378652
349,-0.00095015867125
350,9.01594980145e-07
351,-0.00189459232384
352,-0.0019000231107
353,-0.00189753158814
354,0.000949755743582
355,4.11021044636e-06
356,-0.000950822314628
357,-0.000951656779165
358,0.0
359,0.000948021318195
360,0.00188967296873
361,-3.27717590006e-07
362,-0.00189655453561
363,-2.12364934003e-07
364,-2.30000593134e-07
365,-0.000944346634285
366,-0.000946290434763
367,-0.00189345408803
368,0.00568820914329
369,2.78023966976e-06
370,-0.00473627453769
371,-0.000948972063732
372,0.000949102224829
373,0.0028464644371
374,0.00189852940408
375,0.00189865182723
376,0.00190032244604
377,-0.00284226667494
378,0.0
379,-1.0502536051e-07
380,0.000949077689234
381,0.000948946155135
382,4.09437543881e-07
383,-0.000948933807873
384,0.00284846629511
385,0.000954494207777
386,-0.00189849927742
387,0.0
388,0.0
389,-0.000949086733333
390,0.0
391,-0.000948253038587
392,0.000949198591521
393,1.432773277e-06
394,2.72766058533e-07
395,-0.000947834970171
396,-0.00284538985579
397,0.00852524735044
398,0.0
399,-0.000946716370398
400,0.000948469087959
401,-0.00284720154851
402,2.93897524626e-06
403,-9.29326838594e-07
404,1.8338357777e-07
405,-1.03731341262e-06
406,0.0
407,-0.000950720681025
408,0.000947704552998
409,-0.00379264915999
410,-0.00284532506376
411,-0.00189323839061
412,-0.000947509016588
413,0.000951186691163
414,0.000950558717174
415,-0.0028281976687
416,0.00946173337618
417,-0.000949264221443
418,-0.00284723895964
419,-0.0028451280794
420,-0.000948164899008
421,-1.24847421019e-06
422,-0.000949715346157
423,-0.00284254149725
424,-0.000948753752629
425,0.00284428260854
426,0.000948492778615
427,0.00189842146326
428,0.00284934272067
429,0.00284766714738
430,0.00379314358392
431,1.02284781937e-06
432,0.00946954112968
433,0.00379551552908
434,1.31998692407e-07
435,0.0
436,-9.40274511285e-07
437,3.3352965567e-06
438,0.0
439,0.000949695947907
440,0.0018992128222
441,-0.00284145571633
442,7.63414652151e-06
443,-8.05996793923e-08
444,-0.00189759911928
445,0.000951272844679
446,-0.000948936533536
447,0.0
448,0.000948857402213
449,8.13249981302e-08
450,0.000950481944222
451,0.00284692373339
452,-0.000948803207081
453,-0.000945766727052
454,-0.000946789761485
455,0.000953767280158
456,-0.0018970739721
457,-0.000943854961528
458,0.000950041096183
459,0.0132372024496
460,2.30876481244e-06
461,-0.00189920955642
462,-0.00284449747092
463,0.000951921021146
464,-0.00284385188197
465,-0.00189805555777
466,4.97534658839e-06
467,-0.00189933492431
468,0.00190050827252
469,0.00474333641744
470,3.26245149354e-06
471,-0.00094918617378
472,0.0018979098781
473,-0.00189930263138
474,0.000950319628454
475,0.00568807295682
476,-0.000947198027243
477,-6.50378001984e-07
478,-0.00189958759133
479,0.00663783084075
480,-0.00189910875054
481,-0.000950112899679
482,-9.05665365263e-07
483,-0.000949441600502
484,0.000951705918854
485,0.00284571944429
486,-0.00284346251766
487,-2.08473711966e-06
488,0.0018985413763
489,-0.000949006179481
490,-0.00284583108765
491,-0.000949487812824
492,-1.77848617859e-06
493,-0.00189510271143
494,-0.00189886823828
495,-0.000945967654772
496,0.0
497,0.00189929454609
498,0.0
499,0.0113647028688
500,0.0
501,0.000948542490308
502,-0.000948485962093
503,-0.0018961159994
504,0.000949420098844
505,-0.00284493651461
506,0.00094714192958
507,-0.00189829164491
508,-0.0018950110349
509,-0.000946893519343
510,7.89619258089e-07
511,-0.00189476734905
512,-0.00474418166143
513,0.00189849284208
514,-0.00284604115255
515,-0.00189802936888
516,6.8573483029e-07
517,-0.00189647135796
518,5.18048101979e-08
519,0.000949682117051
520,0.00473731126841
521,-0.0018969081101
522,0.00473714815479
523,-0.00379062412378
524,0.0
525,1.4664238071e-06
526,1.08281762134e-06
527,-0.00189809045649
528,2.1758908359e-06
529,-0.000944759486649
530,-0.00284920954193
531,-0.000950052324209
532,-0.000948710040672
533,-0.000948712469147
534,-0.00189751110155
535,0.0
536,-0.000950707282907
537,0.000949707169478
538,-0.000949937759833
539,-0.000949568054584
540,0.0151418598272
541,0.000949393107344
542,2.10895467889e-06
543,0.0
544,0.00379583950825
545,-0.00189674501885
546,-0.00189718814313
547,0.000948941328328
548,-2.08043043459e-06
549,0.00284503146007
550,0.0028476073569
551,0.00947064197341
552,0.00758539864021
553,0.00474353201239
554,-0.000945553847817
555,0.00474470338281
556,6.108482032e-07
557,0.00284722246346
558,0.00947726092728
559,0.000949801189346
560,2.32605201071e-06
561,-0.000946641287505
562,2.06148869147e-06
563,-0.000948778215403
564,0.00189901099219
565,0.000949046786557
566,3.04821401681e-07
567,-0.00189691520965
568,-0.00189690252476
569,-0.000949487534021
570,0.000949888769136
571,1.22092625973e-06
572,0.00474594511046
573,-0.00189903793273
574,-0.000947920889026
575,-0.00379583061557
576,0.0
577,-0.000950876332158
578,0.00284190754553
579,0.00379674043244
580,0.00852728469283
581,-6.89027086e-08
582,-0.000946617653937
583,-0.0018993163513
584,0.00189828604024
585,0.00284743287762
586,-0.000950070298116
587,1.58156650376e-06
588,0.0018965016464
589,0.00189863623421
590,0.0
591,0.00379559662368
592,0.00190170511549
593,0.000946616921858
594,-0.00189137362604
595,-3.83979747495e-07
596,-1.65245717483e-06
597,-0.00474097838633
598,0.00189906813102
599,0.000951192028352
600,-0.00473708202703
601,0.00284456005516
602,-0.00189748077056
603,0.00284665470246
604,0.000949702304828
605,0.000950347984373
606,-0.00284639152853
607,-0.000949919038631
608,-0.00473587353078
609,0.00189780551008
610,0.000949697385539
611,0.00189986195808
612,0.0
613,-0.00189313894826
614,0.000949731180656
615,0.00663376763101
616,-3.40452764758e-07
617,-3.12224489095e-07
618,0.000950478387405
619,-0.00189270353657
620,0.000950311834912
621,-0.00189824052717
622,0.000949715368501
623,-0.00189631919713
624,-0.000946124855339
625,-0.00284491452435
626,-1.61454444817e-07
627,-0.00189689807138
628,0.000948933439708
629,1.51490162064e-07
630,0.00189862801049
631,-0.0047420261983
632,0.000949468811918
633,0.00094748195729
634,-0.000949420098844
635,-0.000948455570645
636,0.0037827779234
637,0.00284548269595
638,-0.000950203996196
639,0.000949959797685
640,-0.00189744486458
641,0.0
642,0.00284725349388
643,0.00758259578127
644,0.0018994785791
645,0.000949110973532
646,-0.00094982771167
647,-0.000949366627807
648,0.0066363562418
649,0.00663760315249
650,0.00473748958191
651,0.00189905270951
652,0.00473925930887
653,-0.00189670714927
654,1.17720372651e-06
655,6.57236145587e-07
656,0.000949144811431
657,-0.00189300094718
658,-2.38427557776e-07
659,0.000950989445633
660,0.00474165678073
661,0.000948982459107
662,1.49556951641e-07
663,0.000949749642543
664,0.00189704556193
665,3.37855012734e-06
666,-0.00189830928153
667,0.00474493599232
668,0.000946503386364
669,-0.00284265425888
670,0.00189534891502
671,-0.00189814905132
672,-0.00188723814039
673,0.0
674,-0.0028472188861
675,0.00380124477562
676,0.0
677,0.0047438893241
678,0.000949858892977
679,0.00474426976596
680,-0.00379616526978
681,-0.000948361947513
682,-2.5406998156e-07
683,0.00095002257422
684,0.000956822250046
685,0.000953529716902
686,0.0
687,0.000949911898114
688,-0.00094968533871
689,0.0
690,-0.000948730243827
691,-0.000948838460619
692,-0.000948064373498
693,-0.00189698366278
694,-0.000949768015409
695,-6.64993066446e-07
696,-0.00188875231154
697,-0.000949756372988
698,-0.000940044196298
699,-0.00189979637058
700,0.000949439017887
701,-0.00189744441365
702,0.0
703,-0.000951238431091
704,-0.000949295942054
705,0.00094948553918
706,0.000947531043008
707,-0.000948637529343
708,-0.000950029223614
709,-0.00189655477897
710,-0.00189617990621
711,-0.000950460703768
712,-0.00284941875543
713,0.00189854173051
714,-0.0019009346417
715,0.000950045893289
716,0.000949277163451
717,0.00189743312385
718,3.20766955007e-06
719,0.00189784533775
720,-0.00189712929425
721,0.000950844619029
722,-0.00189833247585
723,-1.01088715955e-06
724,0.00190072181932
725,-0.000945808916596
726,-0.00284587891007
727,-0.00379057041778
728,0.00189914793283
729,-0.000949874784696
730,0.000951041532659
731,-0.00284815173872
732,0.0104203481426
733,0.00189996265975
734,-0.000949553122287
735,-0.0028480500063
736,0.000949800834038
737,-8.59438090783e-07
738,-0.00189340058215
739,0.000949966221914
740,0.00284882718379
741,0.0123091329879
742,-0.000946990860642
743,0.00757923295631
744,-0.00284560503926
745,-0.00189930990648
746,0.00947690126782
747,-0.00189879635738
748,0.00189555414906
749,0.0123069992809
750,0.000949628628943
751,-0.00189983052677
752,0.00189798857654
753,-2.28133797452e-07
754,0.00474166966907
755,-0.00189767563854
756,-0.000949455325686
757,0.000949726972305
758,0.000950158277909
759,-0.000948937702886
760,-0.000950197217021
761,-0.00473305555907
762,-0.0018996416966
763,0.00474290303329
764,0.00189852784782
765,1.2280794473e-06
766,0.00094937510842
767,-0.000946922520927
768,0.0066363918141
769,1.6557710993e-06
770,0.00189950074216
771,0.00284774296155
772,0.00189842186691
773,-0.0018972246458
774,-0.001898883089
775,0.000949678663211
776,0.00189942861017
777,-0.000946579431391
778,0.00189921229659
779,-0.00189808304476
780,0.00379597632248
781,1.19639098229e-06
782,-3.96679077203e-08
783,-0.00094944086472
784,0.00568844420341
785,-0.00284564773018
786,0.00473718896432
787,0.00284780745855
788,0.00379873114121
789,-4.88726753749e-07
790,0.00189895893288
791,0.0
792,-0.00189866174752
793,0.000949182018294
794,-0.00189995007755
795,-0.00189912981464
796,-0.000947511745723
797,0.00946504435492
798,0.0141954511019
799,0.00379561989217
800,-0.00284585188212
801,0.00379648934383
802,-0.00189876971786
803,-0.00284755224946
804,-0.000948853738164
805,4.89125767792e-07
806,-0.00284452027457
807,-2.73414196229e-07
808,-0.000948154591741
809,0.000950146704647
810,0.00189535824309
811,-0.00568898572043
812,0.00284856126988
813,-0.000948892568452
814,-4.6342608361e-07
815,0.0
816,-0.00189786330196
817,-0.000950433135105
818,-0.00284667469213
819,0.0
820,0.00284635536677
821,0.00663630235899
822,0.000948273366605
823,-0.000949616168611
824,-0.00094904515698
825,-0.00189561192686
826,-2.7312774282e-07
827,0.00189674719832
828,0.00189806965362
829,0.000949280525018
830,-0.000949280211637
831,0.000949057331097
832,0.000949184813595
833,0.00284799951599
834,0.00474017645889
835,0.00189798187868
836,0.000952397886044
837,-0.00284324232893
838,-0.000946041015315
839,-0.000951307425691
840,2.33143353548e-06
841,0.0
842,-0.000947939324973
843,0.000947921761052
844,0.0047405046519
845,0.00663370615559
846,-0.00095021708295
847,0.0056919984539
848,0.000947821407837
849,-0.000948641158963
850,3.0379812759e-06
851,-0.00189815454332
852,-0.000949700794415
853,0.000949188643142
854,-0.00189529142867
855,0.000949805238476
856,0.00189865462869
857,3.18016104508e-08
858,-9.45738399635e-07
859,0.00284762419121
860,-0.00189891211181
861,2.32856349338e-06
862,0.0018976143581
863,-0.000949644513237
864,-0.000948129834085
865,-0.000949464704681
866,-0.000946064251431
867,-0.00284546155575
868,0.0018993465085
869,0.00285285077059
870,2.95468626278e-07
871,0.0
872,-0.00189343961898
873,-0.00189616904618
874,0.00757705757714
875,0.00379775846748
876,0.0113598534335
877,-0.000947946962236
878,-0.0028446911197
879,-0.00284425618918
880,-0.00189874837532
881,-0.000948532272805
882,0.000950058168083
883,0.000949137544691
884,-0.00189852494663
885,-1.4021538617e-06
886,-0.000946745031263
887,0.00189985765545
888,-0.00283665112659
889,0.000949449150468
890,0.00189814115647
891,-0.000950008331163
892,-0.00189967962561
893,-0.000950900170272
894,0.00663499678408
895,0.0113611559654
896,0.000950285650955
897,0.000960095820164
898,-0.000947883507926
899,-1.7851193748e-07
900,-0.000947314141985
901,0.000949619893527
902,0.0
903,0.00284592265319
904,-0.00284693627771
905,0.000952217330946
906,0.00379679789526
907,-0.000950292392306
908,0.0104211540217
909,-0.000949033557023
910,-0.000946632693881
911,0.000949490864775
912,-0.000949594410667
913,0.000950754438285
914,-0.000948958174058
915,-0.00284593142098
916,0.00189841283106
917,0.000948865434727
918,0.00189843487404
919,-0.000947926220967
920,0.00379584419493
921,-1.64091454422e-06
922,1.54774888929e-07
923,-3.88902998305e-07
924,0.0
925,0.0
926,-0.00284442465704
927,0.00284679584954
928,-0.000947793590235
929,0.00095261938908
930,0.00379718848673
931,0.000949764735328
932,-0.000948314268407
933,-0.000945412362093
934,0.0
935,-0.00189874973432
936,0.0
937,-0.000948469051709
938,0.00189922510479
939,0.000953690480932
940,0.000949936625107
941,-0.00189955790424
942,0.000950759791814
943,-0.0037923179225
944,-0.000950773581947
945,-0.00095082948812
946,-0.000950187782891
947,0.00284645899082
948,-0.000945453073581
949,0.00189899562317
950,0.00474298409847
951,-0.00284364995955
952,0.00569205008026
953,-0.00189832298545
954,-0.00378753704439
955,-0.00189100936977
956,0.00284455525848
957,2.84343263462e-06
958,-0.00189501748061
959,-0.000950029503356
960,0.00474461196642
961,0.010417610899
962,-0.00379450502291
963,0.0018997739982
964,0.00284541006897
965,9.6631142398e-07
966,0.0018982740849
967,1.29262651445e-06
968,-0.00284649077339
969,-0.00284807731252
970,0.000947913998323
971,0.0
972,4.05647974697e-07
973,0.0018993373997
974,-0.000951223193988
975,-0.000949681517826
976,-4.17679774928e-08
977,-0.00284751968403
978,-0.00189680186534
979,0.00190231892802
980,-0.00189779606812
981,-0.000949368201838
982,0.00284477690068
983,0.00189724085523
984,0.000949523428225
985,0.000949497016379
986,-0.002841398334
987,-0.000947739243987
988,0.0
989,0.00189892716972
990,0.0018986650874
991,-0.0037907702114
992,-0.000948431697908
993,0.000949666542205
994,0.00852312164046
995,0.000946313602084
996,-0.00094869187021
997,0.0
998,-0.00189889733352
999,-0.000945407641398
1000,0.000950631097816
1001,0.00190251857522
1002,0.00664335460874
1003,-0.000947396631789
1004,-0.000948111484812
1005,-0.00094583244783
1006,-0.00189816299162
1007,3.27602913349e-07
1008,-0.0018963181908
1009,-0.00284454871203
1010,0.00284420333488
1011,0.0
1012,0.00379625322542
1013,0.00852311842309
1014,0.000950380822506
1015,-0.000948105590317
1016,-0.000949618529164
1017,4.16551503689e-06
1018,-0.000950377453565
1019,1.93750788532e-06
1020,0.0
1021,0.000948998461019
1022,-0.000948288132643
1023,-0.00284322014758
1024,1.07724514168e-06
1025,1.69128030383e-06
1026,0.00189891755367
1027,8.64417258961e-07
1028,1.64025528267e-06
1029,0.000951151999554
1030,0.000948650964108
1031,-0.00284552986718
1032,-0.000949757983174
1033,-0.00379415210319
1034,0.000949473200246
1035,-1.00464207877e-06
1036,0.00379248970347
1037,-0.00094782381009
1038,0.00284714342915
1039,0.000949915146558
1040,-6.85193882971e-07
1041,0.000950487168054
1042,-0.000947088589643
1043,0.0
1044,-0.00189821164008
1045,0.0
1046,5.43928152022e-07
1047,-0.00189877284158
1048,-0.00189768440757
1049,-0.00379578563837
1050,-0.00379395141196
1051,0.000949651563527
1052,-0.000949465678429
1053,0.000947808981154
1054,-0.000949929991111
1055,-0.00189741051816
1056,-0.00189696252492
1057,-0.000949750640488
1058,-0.0018950818798
1059,-0.000947602436188
1060,-0.00189867116116
1061,0.000950223663445
1062,-0.000949012737865
1063,-0.0018983263904
1064,-0.00189848358176
1065,0.000947747837701
1066,5.01264630121e-07
1067,1.55158733487e-06
1068,0.0
1069,0.0
1070,0.00379346145964
1071,-0.00189754332397
1072,-0.000949403671244
1073,1.11548768102e-06
1074,0.00379704113077
1075,-0.00284757332963
1076,0.0
1077,-0.00189707999528
1078,0.0113675984179
1079,-0.000946105864146
1080,-0.00189830747505
1081,2.9540490817e-06
1082,-0.00190075133176
1083,-0.00379524103416
1084,0.0
1085,-0.000947590539788
1086,-8.33590058774e-07
1087,-0.000949280481618
1088,-0.00379611053975
1089,-0.000948624689717
1090,-0.00189980143004
1091,-0.00189178119489
1092,0.00189921230447
1093,0.0
1094,-0.00189487624875
1095,-0.000947701341709
1096,-0.00094891851538
1097,-0.00189488710896
1098,-0.000949701623311
1099,-0.000949280738013
1100,-0.000948366795435
1101,-0.00189343009788
1102,-6.22342731588e-07
1103,-0.00189330300745
1104,-2.21929087526e-06
1105,0.0
1106,0.0
1107,0.00474062916306
1108,-0.000950120493379
1109,0.0
1110,-0.00189959639275
1111,1.35325581308e-06
1112,3.36600075919e-07
1113,-0.00188823082826
1114,-0.000946890436231
1115,-0.000948791530943
1116,-0.000948571158476
1117,-0.000949619053536
1118,0.00379500746833
1119,1.22799908732e-06
1120,-2.01367902516e-07
1121,-0.00284486494651
1122,-0.000950141591395
1123,0.00284773694141
1124,-0.00379409638832
1125,-0.000949315259573
1126,-0.000951024700916
1127,0.00189772410145
1128,0.00095325194996
1129,-0.000949159011766
1130,0.00094823439649
1131,-0.00094919450537
1132,-0.000949952345953
1133,-0.00379048910892
1134,0.000947709774898
1135,0.000953692034452
1136,-9.19360002273e-07
1137,-0.00284810463965
1138,-0.00284771806426
1139,-0.00284463965256
1140,-0.000949926610758
1141,0.000950033093868
1142,-0.000948231235431
1143,0.000950182498952
1144,-0.000950066364362
1145,0.00663604709091
1146,-1.15234169559e-07
1147,0.00379382320839
1148,-0.000949308269457
1149,0.00190075300146
1150,-0.00284346125353
1151,-0.000950168545566
1152,-0.00189589804257
1153,0.00189814983775
1154,-0.000950244789049
1155,0.00284926286864
1156,-0.000949966415033
1157,-0.000950261938718
1158,0.0
1159,0.000950720487337
1160,-0.0009478713195
1161,0.000948691210198
1162,0.0
1163,-0.000949756191201
1164,0.00190178160579
1165,0.000949516507048
1166,-0.000949614283938
1167,-0.000946902286467
1168,-0.00379145004271
1169,0.000950054213037
1170,-0.000950356409579
1171,-1.92081447004e-06
1172,-0.000947390044936
1173,-0.00284220663676
1174,0.0
1175,-0.000948430295985
1176,-0.00379522684441
1177,-0.000940710100516
1178,0.0
1179,0.0
1180,0.00094680384494
1181,-0.000947092024171
1182,-0.000949575668245
1183,-0.000948330754544
1184,-1.3087116456e-06
1185,-0.00284756292882
1186,-0.000947759618273
1187,-0.00284394339233
1188,0.000949765471685
1189,-0.00189803654934
1190,0.0
1191,0.00568749637116
1192,-7.48173063119e-06
1193,0.00284525686304
1194,0.0
1195,-0.000946744874291
1196,-0.00284449448167
1197,3.21847312286e-06
1198,0.0047381172046
1199,0.0123070533625
1200,0.00379547154713
1201,1.13750208788e-06
1202,-0.00189866676868
1203,-0.000949289963833
1204,1.13336603811e-06
1205,-0.00284352086878
1206,0.000949338407603
1207,0.0
1208,0.000949604947552
1209,-0.000947763682224
1210,0.00378943436013
1211,2.07872790918e-06
1212,-0.00189264174173
1213,0.00284493192318
1214,-0.00094931644244
1215,0.00379967859246
1216,-0.00094842892592
1217,0.00189912143042
1218,0.00284636420987
1219,1.92317111812e-08
1220,-0.00284540254658
1221,0.00663886770912
1222,0.00663763403312
1223,0.00095107406878
1224,-0.00189117626245
1225,-0.00189825124409
1226,0.00379689163276
1227,-0.000948706008213
1228,0.00189796295436
1229,0.000949571096449
1230,0.0
1231,0.0
1232,-0.00379498942785
1233,-0.000950901166463
1234,-0.00190014261004
1235,0.00094934395193
1236,-0.000949023180828
1237,4.0860286659e-07
1238,-0.00189760670491
1239,0.000949519964147
1240,-0.00284856431531
1241,0.000947863718877
1242,-0.000949222469375
1243,-0.00284458950589
1244,-0.00189293402311
1245,4.50568878037e-07
1246,0.000949081047392
1247,-0.00189537937647
1248,-0.00189754493907
1249,0.0
1250,0.000951622639781
1251,-0.00284497135804
1252,0.000949802572923
1253,0.0141982455509
1254,0.000950489644371
1255,-1.92754755237e-07
1256,-0.000949592447833
1257,1.47166047513e-06
1258,0.0
1259,-0.00284567237205
1260,-0.0018979976211
1261,-0.000950383632596
1262,-0.00284562504998
1263,-0.00190119724362
1264,-0.000950217822052
1265,-0.00189849282017
1266,-0.0037931062502
1267,0.000950288481142
1268,0.0
1269,-0.000949077418526
1270,-0.00189780381848
1271,0.0
1272,-0.00189834205863
1273,-8.68569496877e-07
1274,0.0
1275,-0.000949520094204
1276,0.000948869818874
1277,-0.000950211160009
1278,-0.000950118527297
1279,-0.00094989306514
1280,0.0018983097559
1281,-0.000948897830904
1282,0.000949578904648
1283,-0.00189761953833
1284,-0.000948793229634
1285,-0.000948420274932
1286,-0.000949397257226
1287,0.0
1288,0.000950576544232
1289,2.24432796941e-06
1290,0.00189637360608
1291,-0.00189595621176
1292,-2.62294150845e-08
1293,0.0
1294,0.0
1295,-0.00189470679533
1296,-0.00189878461857
1297,-0.000948914680316
1298,-0.00189721866885
1299,-0.00379058735669
1300,0.000950645930764
1301,0.0
1302,-0.000947143487625
1303,-0.000947116355695
1304,-0.00189587594576
1305,0.0019011655094
1306,0.000949604527898
1307,0.00094921154335
1308,1.72970676352e-06
1309,2.47807506779e-06
1310,0.000950352982561
1311,-0.00189373384013
1312,-0.00284278115616
1313,0.00284642687159
1314,-0.000949113374683
1315,-0.00189770574098
1316,0.00284910971618
1317,-0.000949075940578
1318,-0.00284649550987
1319,-0.000949333010533
1320,-0.0009487945502
1321,0.000951091205293
1322,8.51739372378e-07
1323,-0.000948322137707
1324,0.00284710123054
1325,-0.000949364426469
1326,-0.00189059156141
1327,-0.00284545814097
1328,0.0
1329,0.00189986038771
1330,-0.000948515004299
1331,-0.00284575117802
1332,-0.00189942408037
1333,0.0
1334,-0.000947950270732
1335,0.00189636854853
1336,0.00379493988491
1337,0.00284840701493
1338,-0.0018970972664
1339,-0.000947614170887
1340,0.00189574804155
1341,0.00568829094003
1342,0.00189825480815
1343,-1.58011232415e-06
1344,-0.000950203073347
1345,-0.0018986193153
1346,-0.00189927373722
1347,-0.000950792779697
1348,0.0018989013581
1349,-0.000949858892977
1350,0.000950160547915
1351,0.000949624752386
1352,3.01644625003e-06
1353,0.00379325346789
1354,0.0
1355,-0.002836283237
1356,-0.000949283259425
1357,0.00190164859163
1358,0.0
1359,0.0
1360,-0.00284503102132
1361,-9.71362526194e-09
1362,-0.00189934904297
1363,-0.000950143005479
1364,-0.00189661966583
1365,0.0
1366,-8.17973107878e-09
1367,0.00190023758399
1368,-0.0018996825188
1369,-0.00189738783293
1370,-6.87038006204e-08
1371,-0.000949746643443
1372,1.03451919361e-06
1373,0.00190043475123
1374,-0.00094287338388
1375,0.0
1376,0.00853835434911
1377,-0.0018960580183
1378,-0.000947166199206
1379,0.0
1380,-0.00188564912449
1381,4.23513190911e-06
1382,0.00284850589907
1383,0.000948938506559
1384,-0.00284534715657
1385,-0.000943431318394
1386,-0.0028493291942
1387,-0.00189729441307
1388,-0.000949351148147
1389,-0.00379521829782
1390,-0.000949251059692
1391,-0.00284493221894
1392,0.0
1393,-0.000950942640618
1394,-0.000949370071048
1395,0.000948766672402
1396,-0.000948132996129
1397,-0.000949260786046
1398,-0.00094555895337
1399,0.000948736508931
1400,0.0028492253399
1401,-0.000949236009181
1402,-0.000943536386558
1403,-0.00379079518023
1404,-0.00379112923487
1405,-0.00095078931743
1406,-0.000948409476783
1407,-0.000950059372989
1408,0.000949884352102
1409,-0.000949545482495
1410,-0.00379199391369
1411,-0.00284116041841
1412,0.00189981436432
1413,1.5882807548e-06
1414,0.0018967347489
1415,-0.00189853395591
1416,-4.48241368995e-07
1417,-0.000949507321948
1418,0.000947557902431
1419,-0.00094909056314
1420,-0.00284764066905
1421,0.0037945506407
1422,-0.00283982686992
1423,-0.00284432750237
1424,0.0
1425,3.40289191124e-06
1426,-0.00378683680585
1427,0.00189835123713
1428,-0.00189888052817
1429,-0.000948767160349
1430,0.000954058057471
1431,0.0
1432,-0.00189734442836
1433,-0.000947818148131
1434,0.000949814597041
1435,-0.000946587421677
1436,-0.000949369466804
1437,-0.000950104077011
1438,-0.000948373472895
1439,-0.000948674421704
1440,-0.00569084494899
1441,-0.00189930307913
1442,-0.00189701494305
1443,-0.0009436063442
1444,0.0
1445,0.00284677777701
1446,1.48574493713e-06
1447,-0.000947264965285
1448,-0.00474214622967
1449,-0.000949979983292
1450,-0.00284403905416
1451,-0.00189344459312
1452,0.000950811765552
1453,0.00190005563607
1454,-0.0047432731187
1455,-0.00568774407681
1456,0.000949932268902
1457,-0.00284440401949
1458,0.0018993263235
1459,-0.000947921816048
1460,-0.000949422513026
1461,-8.17605757642e-07
1462,-0.000949814172267
1463,6.08440167027e-07
1464,-8.05793135162e-07
1465,-0.00568226848016
1466,8.04277629803e-07
1467,-0.0018986744262
1468,0.00189816059986
1469,-2.6251268643e-07
1470,-0.00189607444347
1471,-0.00189886940609
1472,-2.87109507803e-07
1473,-0.0018947888906
1474,0.000949060823054
1475,-0.00189867756706
1476,-0.00189793196604
1477,0.000949247984556
1478,-0.000949473484908
1479,7.17871117535e-07
1480,-0.00189564372667
1481,0.008527898529
1482,-0.00189603778422
1483,-0.0018985485205
1484,0.00474421570695
1485,-4.59013921653e-07
1486,0.0
1487,-1.57185290995e-06
1488,0.0018976111098
1489,0.000948123638854
1490,2.07427370518e-06
1491,0.00189644731749
1492,8.75665037177e-07
1493,-0.000945949500695
1494,-0.00284362363502
1495,-0.00284644041916
1496,-0.00379293630081
1497,0.000949404722067
1498,0.000954525987512
1499,-0.000948617213264
1500,0.0
1501,0.00189988634568
1502,-0.00189910933189
1503,1.19981433323e-06
1504,-0.000950558145448
1505,0.00758452554429
1506,0.00189635337677
1507,-0.00190175842824
1508,0.000947384192561
1509,0.00190057845691
1510,-3.25135405341e-07
1511,-0.000948896598855
1512,-0.0028413401983
1513,-0.000946320730614
1514,5.39243385413e-06
1515,-0.000949988981027
1516,-0.0028454143621
1517,-0.000946675956955
1518,0.0018981349117
1519,-0.000949462582088
1520,-0.000950249003816
1521,-0.0028449292304
1522,0.000947126618781
1523,-0.00189940411909
1524,0.0
1525,-0.00189795563818
1526,0.00663885838464
1527,0.00284781568544
1528,-0.000946396961166
1529,0.00663538207007
1530,0.000950015349595
1531,0.00284739042923
1532,-8.05246025543e-08
1533,6.05822672553e-06
1534,0.000950607871456
1535,-0.0028467745935
1536,0.0
1537,-0.00189653419125
1538,-0.00284889092381
1539,0.0
1540,-0.00189550264541
1541,-0.00095096656032
1542,-0.00189832474753
1543,0.0
1544,0.00284648141086
1545,0.00284910692812
1546,0.012304638084
1547,5.8233059413e-06
1548,-0.00189836894944
1549,0.000949704571954
1550,0.000951104668406
1551,-0.00284643976748
1552,0.0
1553,-0.00379511994316
1554,0.00284740849849
1555,0.00379616587145
1556,-0.0018959354019
1557,-0.000948288851545
1558,-0.00284880995489
1559,-0.00284565136107
1560,0.0
1561,-0.00094651321559
1562,0.000951263604075
1563,0.0
1564,0.000949848802295
1565,0.0123113264527
1566,-0.000947872695037
1567,0.0
1568,-0.000949367513458
1569,-0.000945485562013
1570,0.000949244764877
1571,0.0018980610206
1572,0.00189851762278
1573,0.000950137933411
1574,-0.00189855303614
1575,-0.000948596261218
1576,0.00189839145826
1577,4.76984976552e-07
1578,0.00189998255418
1579,-0.00189649120194
1580,-0.00284240737191
1581,-0.00189934441292
1582,0.015144594977
1583,2.48161436045e-06
1584,3.08827161852e-07
1585,3.96830826065e-07
1586,0.0
1587,-0.000946440120209
1588,0.00474247142467
1589,-0.000947777223839
1590,0.00189953974258
1591,-0.000948650459876
1592,0.0
1593,-0.000949636504586
1594,0.00284629823296
1595,-0.000950232283989
1596,-0.00473337338275
1597,0.00474036773964
1598,-0.000947897812704
1599,-9.89735922536e-07
1600,0.00284764890291
1601,0.00189635377156
1602,-0.00379177200382
1603,-3.1714016607e-07
1604,-0.00189619288924
1605,-0.000950412296719
1606,0.000949011427281
1607,2.04783584827e-06
1608,-0.00190045526852
1609,-0.00378892408315
1610,-0.000946149874885
1611,0.0132464236333
1612,-0.00379728207183
1613,0.00189871365009
1614,-0.00189671829487
1615,0.00284833593547
1616,0.00190151501338
1617,2.0351535566e-06
1618,0.003790970392
1619,0.00190055317206
1620,-0.000949270278925
1621,0.00379695700752
1622,0.0
1623,0.000949720456656
1624,0.000947844525268
1625,0.000950434324585
1626,-0.00189260117799
1627,-0.00094951963852
1628,2.25066989232e-06
1629,-0.00284161566596
1630,0.0
1631,-1.6275832303e-06
1632,-0.00094647679368
1633,-0.00189823246836
1634,-0.000949893975857
1635,0.00474025850227
1636,0.00189517268838
1637,-4.64471197924e-07
1638,-0.000950443950749
1639,-0.00379020732625
1640,0.0
1641,-0.00189764183642
1642,0.00189897718189
1643,-1.10347167836e-06
1644,1.4685387483e-06
1645,-0.000949118905955
1646,0.00474348346382
1647,-2.08196117938e-07
1648,-0.000948019157423
1649,0.00284488771602
1650,0.0018982100744
1651,0.0
1652,-0.00284304567486
1653,0.00758690313828
1654,3.18202483044e-06
1655,1.88825960546e-06
1656,-0.000948945969886
1657,0.000950115829294
1658,0.000951328291289
1659,-0.00189795835065
1660,0.00379479659236
1661,0.000949612187278
1662,-0.000948891310593
1663,-0.000944046224564
1664,-0.000947499701608
1665,0.00189925567764
1666,-0.000949232498023
1667,-0.000939791875791
1668,-0.000944624667288
1669,-0.00379792737583
1670,-0.00094896012264
1671,-0.000950027241826
1672,0.0235976911466
1673,0.0170144759098
1674,-0.00189577795952
1675,-0.000950310728778
1676,-0.00284924424057
1677,-0.000949777585086
1678,2.53174331156e-06
1679,-0.000949626629663
1680,0.000951119115969
1681,-0.00189843166217
1682,-0.00284792317685
1683,-0.00189858296458
1684,-0.00189940972107
1685,0.00284362949481
1686,-0.000949769240733
1687,-0.000949749188271
1688,0.00663310583227
1689,0.0037999121239
1690,0.000950620699989
1691,0.000949489028234
1692,0.00094939124771
1693,0.0056886421878
1694,2.58687731776e-07
1695,0.00473629865899
1696,0.00189991678892
1697,-0.00095040684788
1698,-3.25464818807e-08
1699,0.00568917738826
1700,0.00379549784527
1701,0.0
1702,-0.00189958294062
1703,0.00284727766166
1704,-0.000945307299417
1705,0.00379342156406
1706,0.0
1707,0.00853344267345
1708,0.000952961960143
1709,-0.000948373482664
1710,0.0
1711,-0.00379386857322
1712,0.000948748866326
1713,-0.00284784921934
1714,0.000949827664093
1715,0.00189836340162
1716,-0.00283967912616
1717,-0.000948379978464
1718,0.000950589260941
1719,-0.000948138138192
1720,0.00189931755258
1721,0.000949428672869
1722,-0.00379203912756
1723,-5.18902256943e-07
1724,-0.00283847556586
1725,-0.00094631224931
1726,0.000948149030272
1727,0.00189893352023
1728,0.00189954575807
1729,6.09765677046e-09
1730,0.000949984650637
1731,-6.09950188039e-07
1732,0.0
1733,0.000949109812261
1734,-0.00283749464968
1735,0.00569091121715
1736,-0.000949721324491
1737,0.00095121000964
1738,-0.00189893392346
1739,0.0
1740,-0.000948920805857
1741,-0.000946791913717
1742,3.1687282483e-08
1743,-0.000950102416731
1744,-0.000941264792297
1745,-5.1721815465e-08
1746,0.00189982307696
1747,1.42817481526e-07
1748,0.00094776469844
1749,-0.0018982452433
1750,0.000949468959594
1751,-0.000947723323631
1752,0.00189969467407
1753,4.73775805005e-06
1754,-0.000949226680717
1755,0.0
1756,0.00094843886099
1757,0.000950173933803
1758,-1.49696023463e-06
1759,-0.000948090831872
1760,-0.000949012054481
1761,-0.000949766719513
1762,-0.00189993974245
1763,-0.000950057082161
1764,-0.00379280960011
1765,0.000948325680034
1766,0.00379890105511
1767,-0.000948315863757
1768,-0.00473834628727
1769,0.00379396679064
1770,0.00379245555395
1771,0.00189796986823
1772,0.0
1773,-0.000950065284115
1774,1.95491838875e-06
1775,-0.000944362707613
1776,-1.20511277714e-06
1777,0.0141814023886
1778,-0.000950764547556
1779,0.00189639101186
1780,-0.00284623007037
1781,6.5479087035e-07
1782,0.0018986823566
1783,-0.00189112930995
1784,-0.00379583751655
1785,0.0
1786,-0.00189599294557
1787,-6.66804281912e-07
1788,0.000950852746974
1789,-0.000950009541563
1790,0.00189871345637
1791,0.00190221819032
1792,1.95717518054e-06
1793,-0.000950285413542
1794,-0.000949583557695
1795,0.00190077892141
1796,0.000949158364154
1797,-0.00284805051908
1798,-2.86522165948e-07
1799,0.00946670806881
1800,-0.000947596258949
1801,7.46683415873e-07
1802,0.00189885021984
1803,0.00189794905587
1804,0.000949615955702
1805,-0.00094899422863
1806,-0.000950557750815
1807,-0.000950047935584
1808,-0.00379492949142
1809,-0.000948358532893
1810,-0.001900026439
1811,-0.000949733563782
1812,0.0037971177964
1813,0.00189879521367
1814,-0.000947144926063
1815,-0.00189625338888
1816,-0.000950045893289
1817,0.00474146925394
1818,-0.000945795380783
1819,0.00474024584238
1820,0.00190006643824
1821,0.000949400058501
1822,-0.00284264197975
1823,-0.00379190311859
1824,-0.000949342197078
1825,-0.00189639699083
1826,0.000946908898786
1827,0.00284755881282
1828,0.00284073697127
1829,0.0
1830,-0.000950185986118
1831,0.000949788595672
1832,0.000952742956079
1833,0.000951915124011
1834,0.0
1835,-0.000949688504487
1836,0.000949869313627
1837,0.00379508293991
1838,-0.00189908158133
1839,5.53701977752e-06
1840,0.000952670507728
1841,0.000950354521297
1842,-6.55602629854e-07
1843,3.54938195745e-06
1844,0.00663701876558
1845,-0.000948501611319
1846,-0.000947537275185
1847,0.000952894534825
1848,0.0018994407012
1849,0.00189930187818
1850,0.000949278672768
1851,0.000953184070925
1852,-0.00189847070233
1853,-0.00189415839291
1854,0.000947558664465
1855,0.000949081026899
1856,-0.00189574019749
1857,-4.96756084682e-08
1858,-0.000950144515351
1859,0.000949565119609
1860,0.0
1861,-0.000949156324642
1862,-0.00189896810117
1863,0.00189914438286
1864,-7.15317201529e-07
1865,-0.000949827664093
1866,0.00189949666722
1867,-5.28865837319e-07
1868,0.000952248877312
1869,0.00284863456866
1870,-0.00189771391188
1871,0.000949693145162
1872,-0.00284820744248
1873,-0.000950508644664
1874,-0.000950067255674
1875,-0.00190082546001
1876,-0.000946859117924
1877,-0.000950369725172
1878,0.0
1879,-0.00189839724913
1880,0.00284649783182
1881,-0.000945578363834
1882,-0.00284360509424
1883,-0.00189353388715
1884,-0.0018965634773
1885,-0.00284502096905
1886,-0.00190050892709
1887,-0.00189773388219
1888,0.00946922785388
1889,0.000954297879918
1890,0.000946314612797
1891,0.00190100387441
1892,-0.00189962394332
1893,0.0
1894,0.000950210337613
1895,-0.00284503092719
1896,0.00568872109827
1897,0.00189778676286
1898,-9.81868180415e-07
1899,0.00094993071692
1900,-9.0300501291e-07
1901,-0.0018954036641
1902,-0.000950982732527
1903,-0.000950518932923
1904,-0.00189888521115
1905,0.000951362021115
1906,0.00284473565678
1907,-0.00094742666209
1908,0.00474419224639
1909,0.00379795223887
1910,3.57842136947e-06
1911,-0.00189539823508
1912,0.0
1913,-0.000946877903029
1914,0.000949667920994
1915,-0.000949862880758
1916,-0.00284597065375
1917,-0.000949522547979
1918,-0.000947928363265
1919,0.003795613956
1920,0.0132399549838
1921,0.00189952733579
1922,0.0
1923,-0.00189900144242
1924,0.00094946018299
1925,-0.00379126061612
1926,-0.000949442217203
1927,-0.000950575678518
1928,1.34343154212e-06
1929,-0.00094857535734
1930,0.0
1931,0.00379880789406
1932,-0.00379104127603
1933,0.000949514171355
1934,6.12414910672e-07
1935,7.22039345652e-07
1936,-0.00284620339064
1937,0.00663891031757
1938,0.0
1939,0.0
1940,3.8421596941e-07
1941,-5.70085976517e-07
1942,-0.000944127108306
1943,-0.0037895173189
1944,0.000949019101062
1945,-0.00189746849023
1946,0.00379907814918
1947,1.15379927857e-06
1948,-0.000949666050238
1949,-0.00189713251581
1950,0.0037943134261
1951,-0.000948749565716
1952,-0.000950163872408
1953,0.0
1954,0.00284103650171
1955,-0.0028473900321
1956,3.47638764964e-06
1957,2.98194873582e-06
1958,0.000949354943531
1959,0.000949134282778
1960,-2.26524217802e-06
1961,-0.00474008391193
1962,-0.000946680769757
1963,0.000953773949234
1964,4.74511302449e-07
1965,-0.000943885418136
1966,0.0179606722073
1967,-0.000947271612228
1968,-0.0018972915072
1969,-0.000948960285986
1970,0.00189744829378
1971,-0.00284928488932
1972,-0.000945678819486
1973,0.00190127680251
1974,0.00474203283157
1975,0.000949694714243
1976,0.00094883292885
1977,-0.000949606503623
1978,-6.13845523333e-07
1979,-0.00189315694755
1980,0.00474328215446
1981,0.00474418522024
1982,-0.00284347215799
1983,0.00284734558227
1984,0.0
1985,3.77801474038e-08
1986,0.000951309952288
1987,-0.000949182774678
1988,0.0
1989,-1.86821216543e-07
1990,0.00474597997217
1991,-0.00284702299868
1992,-3.65977733757e-07
1993,0.00473993066752
1994,-0.00379507490864
1995,-0.00189836015202
1996,0.00379798032991
1997,7.39291038854e-08
1998,-0.00189997843426
1999,0.000949449091108
2000,1.10582682815e-06
2001,-0.00284631200039
2002,-0.00379594131717
2003,0.00568142929933
2004,-0.000949649731963
2005,2.14100540063e-06
2006,0.00379388871572
2007,8.5493241493e-07
2008,-0.000950131710926
2009,-0.000937308799065
2010,-1.47071870157e-07
2011,0.00284788505956
2012,-0.00189974543589
2013,-0.00284823482346
2014,-0.00189568836381
2015,0.000948633249112
2016,-0.00189018923835
2017,-0.000948977356713
2018,1.01541348271e-06
2019,0.00189913736921
2020,0.000949711174319
2021,0.00284296353673
2022,2.46460995399e-07
2023,0.000949696602551
2024,0.000949096505904
2025,0.019849830557
2026,-0.0028493594035
2027,-0.000947766687491
2028,0.0
2029,-0.000948780353038
2030,-0.000950221769041
2031,-0.00284407337433
2032,-0.00189430943956
2033,0.000949946218622
2034,-0.00189501429649
2035,-0.00189722765724
2036,0.000949414932421
2037,0.000954686919534
2038,-0.000949803569686
2039,-0.00189852092903
2040,-0.00189947624527
2041,-0.000949090953546
2042,-0.00189261565408
2043,0.0037897343307
2044,0.00284682239995
2045,0.0
2046,3.81351715394e-07
2047,0.0
2048,-0.000949987698186
2049,0.00189784021378
2050,0.0189003483634
2051,0.00285095453981
2052,-0.00189845270262
2053,-0.00094963849442
2054,0.00095173205965
2055,-0.000950060183828
2056,-0.00473564050579
2057,0.00758693647551
2058,-0.00284198569371
2059,0.000950500148418
2060,-7.74024294279e-07
2061,-7.54606592682e-07
2062,0.0
2063,-0.000945413852657
2064,-0.00189349892764
2065,0.00189811602833
2066,-0.000947286681653
2067,0.00189976546127
2068,-0.000949291972996
2069,-0.00284763406417
2070,-0.00189909865731
2071,-0.000947802717588
2072,0.00284744622354
2073,-0.00189890805231
2074,0.000950256246871
2075,0.000949314276834
2076,-0.000948501416863
2077,0.0113591340608
2078,0.000949456764446
2079,0.00379830475587
2080,-0.000948908921642
2081,0.00189640855196
2082,-0.00379255995656
2083,0.00189836102699
2084,0.0
2085,-0.00189917546084
2086,-0.00189886136037
2087,-0.00379629698449
2088,0.000948538573041
2089,0.0018989627149
2090,-0.00284699432112
2091,0.00379329701261
2092,-0.000949502727278
2093,-0.00283821685888
2094,0.000948544701607
2095,0.00379527555423
2096,0.000954830703863
2097,0.0
2098,-0.000950255412661
2099,5.09310005292e-07
2100,0.0
2101,-0.000949064102707
2102,0.0
2103,-0.00188989594744
2104,-0.000950033352373
2105,0.00568924722603
2106,0.000948658163015
2107,1.43221931758e-06
2108,-0.000950303540656
2109,-6.07424529296e-07
2110,-0.0028446428689
2111,0.00758882852786
2112,9.53685197896e-07
2113,0.0
2114,-1.35520795742e-07
2115,-0.00189723421483
2116,-0.000950426640965
2117,0.00379229645967
2118,0.000950169139419
2119,0.00190126616191
2120,-0.00094908649175
2121,-0.000948532738548
2122,0.00284749316995
2123,0.000951029423891
2124,0.00474424531426
2125,0.00663581800545
2126,-0.00094995029367
2127,0.00380108165402
2128,-0.000947034799142
2129,1.01676172273e-06
2130,-0.00379442384678
2131,-0.00189603522472
2132,-0.00379392906163
2133,-0.00284815753337
2134,-0.00189948249811
2135,-0.000943296063197
2136,0.00852605094723
2137,-3.33371849936e-07
2138,-0.000950543634907
2139,-2.78416440814e-07
2140,0.00284593292109
2141,0.000950326471717
2142,-1.21310243536e-06
2143,4.55580092098e-07
2144,0.0301475535291
2145,-0.000948006027467
2146,0.000951968387949
2147,0.00189871296712
2148,-0.00189982676841
2149,-0.00284819840086
2150,0.00854292794225
2151,0.000949877400094
2152,-0.00189160520585
2153,0.000949223600284
2154,0.00284646751867
2155,-0.00379107155459
2156,0.00189811598889
2157,-0.00284701727246
2158,0.0028452263251
2159,0.00380005123553
2160,0.00379793721042
2161,0.0151389090525
2162,0.00189925448755
2163,-0.000949923757026
2164,0.0123097416291
2165,-0.00094863742948
2166,-0.00189794092766
2167,-0.000948072779411
2168,0.0
2169,-0.000948562516762
2170,-0.00189862376123
2171,-0.00284553930255
2172,-0.000950255605937
2173,0.00189415019056
2174,8.15145431852e-07
2175,-0.00094929634999
2176,-0.000948339556705
2177,-0.000949047738478
2178,-0.00190122790769
2179,-0.0018991529783
2180,-0.000949169939565
2181,-0.000950103225155
2182,-0.000950097175654
2183,9.08789305072e-07
2184,0.00758293027405
2185,-8.071922824e-07
2186,0.0
2187,-0.00283920046728
2188,-0.000945966893474
2189,-0.000946587947732
2190,3.43943104627e-07
2191,-0.00284948695297
2192,1.13504670187e-06
2193,0.000950066015769
2194,-0.00189971353896
2195,-0.000949817859457
2196,0.0
2197,0.0
2198,-0.0018997101167
2199,-0.000948016394593
2200,0.00473891242151
2201,0.00284786019096
2202,0.00474594093127
2203,-0.000949066596038
2204,-0.00189230569075
2205,0.000957940674091
2206,3.49925877149e-06
2207,-0.00189911359154
2208,0.00284854716096
2209,-0.000950239527369
2210,0.000947286287966
2211,-0.000947812820959
2212,0.00852936513222
2213,0.0
2214,0.000949820752937
2215,0.00189725392361
2216,0.00189900376844
2217,-0.000947482165588
2218,-0.000945395374161
2219,-0.00189729096752
2220,-0.000947668568731
2221,0.00190486929656
2222,0.00379743123537
2223,-0.000949109362354
2224,0.00947586336188
2225,0.00568870387812
2226,2.10564525046e-06
2227,-0.00094697551976
2228,0.000950269360974
2229,0.00568941675777
2230,0.000948945766092
2231,-0.000947234008922
2232,-0.000950156052508
2233,0.0
2234,0.00853261514073
2235,0.00379633399461
2236,0.00095164008656
2237,-0.000950153023315
2238,0.000948627146658
2239,-0.00190081408053
2240,-0.000946043193586
2241,3.99574628906e-06
2242,-0.000947034257738
2243,0.00663163888
2244,-0.000949175272759
2245,0.00852466992502
2246,0.00379569195299
2247,-8.64395309888e-07
2248,-0.00189684336352
2249,-0.00189768307939
2250,-0.000949303042518
2251,0.0
2252,0.000951235675519
2253,-0.000947714099881
2254,0.000951292510795
2255,0.000947869431298
2256,-0.00189543709451
2257,-2.19389916506e-08
2258,-0.000949823874665
2259,-4.36495382374e-07
2260,0.0
2261,-3.97645193867e-08
2262,-0.000949669468604
2263,4.06801251972e-06
2264,-0.00189665480242
2265,0.00472931853533
2266,0.002849821578
2267,0.000950368764457
2268,-0.000949277429104
2269,0.000949807739967
2270,-0.000947257819144
2271,0.00947225215738
2272,-0.00284585268332
2273,-0.000949206319912
2274,0.000952648152395
2275,5.86938313642e-06
2276,-0.000950704010972
2277,0.0
2278,-0.00284240811082
2279,4.2169319769e-06
2280,0.0066398354537
2281,-5.58479368384e-07
2282,2.03155422132e-06
2283,0.00284577307185
2284,0.00379359834611
2285,0.00379334792692
2286,0.00189389090818
2287,-0.000943120250408
2288,0.000948738725893
2289,-0.00189702831862
2290,-0.00189678953613
2291,-0.00189762423315
2292,-0.00189878319352
2293,-0.000947577370937
2294,0.00189809202083
2295,1.9586105761e-06
2296,-0.000948655052169
2297,-0.000944832358138
2298,0.000948300088164
2299,-0.00189801254388
2300,-0.000951169851663
2301,-4.96418006152e-08
2302,-0.000950933531255
2303,-0.000947762972453
2304,9.179556113e-07
2305,0.00189857515141
2306,0.0028501268915
2307,-0.00189334075486
2308,0.0
2309,-0.00189928438435
2310,-0.00379226073406
2311,0.00094973837608
2312,-0.00189847864011
2313,0.00189678790555
2314,-2.5447554701e-07
2315,-0.00094968088532
2316,-0.0018974782483
2317,0.00663997982425
2318,0.0
2319,-6.81607447761e-07
2320,-0.000935081917909
2321,1.69459794978e-06
2322,1.14588539939e-06
2323,3.51187620876e-07
2324,-0.00189838711363
2325,1.3722937707e-08
2326,-0.00284554336304
2327,-7.6653482567e-07
2328,-0.00284940701324
2329,0.00284611936173
2330,-0.00189780255105
2331,0.0037974883015
2332,0.0028479247617
2333,0.000949769583042
2334,0.000949773006783
2335,0.000950454521924
2336,0.0
2337,-4.6127001584e-07
2338,0.00569420798657
2339,-0.00189439128402
2340,-0.000947792713921
2341,-0.00284821776912
2342,0.0
2343,0.000946348104128
2344,-0.00189068778137
2345,-0.00284852035554
2346,0.000950676734936
2347,-0.000949708236488
2348,-0.00189709997366
2349,-0.000949928594957
2350,0.00379626408154
2351,0.00189693106709
2352,0.0
2353,0.000947937881001
2354,-0.000946415866164
2355,-0.000945227544653
2356,-0.000949183918054
2357,-0.00284657342548
2358,2.37531572155e-06
2359,0.000951759926104
2360,0.000948779961304
2361,0.000949900853423
2362,-0.000950298941635
2363,0.000953222680946
2364,-0.00189682383529
2365,2.57403267787e-07
2366,6.21677071816e-07
2367,0.00474323388851
2368,0.0
2369,0.00190057782458
2370,-0.000948550703869
2371,0.00569097255459
2372,0.00569289273507
2373,0.00189817491543
2374,-0.00189907961422
2375,-0.000949181155316
2376,-0.000950763284342
2377,2.3965201862e-07
2378,0.0
2379,0.0
2380,-0.00189183290536
2381,2.72871543003e-06
2382,0.0
2383,0.0037966780537
2384,0.00379694800258
2385,-0.000949815157095
2386,0.00189896293723
2387,0.0
2388,-0.001895783703
2389,-0.000949358902114
2390,-0.00189489816362
2391,5.63576428279e-07
2392,-0.00189672213219
2393,0.0
2394,0.00189880532049
2395,1.98402485998e-06
2396,-0.000949796167004
2397,0.000948744028521
2398,-0.00284773867787
2399,0.000951452751368
2400,-5.90413631008e-07
2401,0.0
2402,-0.00284644761713
2403,-0.000948199317086
2404,0.000950353365331
2405,0.00664052092732
2406,0.0
2407,0.00284991438805
2408,0.00095344496531
2409,0.00284428214434
2410,0.00379663770764
2411,0.00947513992507
2412,0.0
2413,0.010417655308
2414,-0.00189721773013
2415,-8.88825217377e-07
2416,-0.00189365542864
2417,-0.000949841315275
2418,-0.00284691776268
2419,0.00758046955783
2420,-0.00095042488907
2421,-0.00284284185314
2422,0.0132419498578
2423,0.000949575849894
2424,-0.0047419145246
2425,0.0
2426,-0.00189471625921
2427,-0.000949214497401
2428,-0.000945519479617
2429,-0.00188988770777
2430,-0.000947592036639
2431,-0.00189841294258
2432,0.010409615692
2433,0.000949425700845
2434,-0.00095036099431
2435,-0.0037944587123
2436,0.00284574253389
2437,0.000949903641852
2438,0.00189989304158
2439,0.000949436678539
2440,-0.00189688907658
2441,-0.00284594654102
2442,-0.00189732707634
2443,-0.000947082897422
2444,0.00189723641721
2445,-0.000949727388621
2446,-0.000949746974824
2447,-0.00189791411244
2448,-0.00284781443909
2449,-0.000950588178965
2450,0.000950241292204
2451,-0.000948335296778
2452,-0.00189934691059
2453,0.0
2454,0.00285243866486
2455,1.00605178469e-06
2456,0.000950597457994
2457,0.00095262460941
2458,-0.00379018644594
2459,-0.00189471050234
2460,-0.000946844025983
2461,0.0
2462,0.00190189666555
2463,-0.00188967686529
2464,0.00379667191277
2465,0.00189852100922
2466,0.0
2467,-0.00189797298846
2468,-1.66354225742e-07
2469,0.00474355404202
2470,0.0
2471,-0.000950765284572
2472,-0.000949855775733
2473,-3.49752695437e-07
2474,0.00379371274788
2475,-6.84048692528e-07
2476,1.42038955216e-06
2477,0.000949688504487
2478,1.01365349545e-07
2479,0.00189844009198
2480,-0.00189882469194
2481,-2.24741715723e-07
2482,0.00379538928513
2483,0.00189878702282
2484,-0.0018994114255
2485,-0.00189489384509
2486,-0.000949316026072
2487,0.00284730593133
2488,0.00379656817904
2489,-0.00284274489478
2490,0.0
2491,1.2650915646e-06
2492,-0.000949696602551
2493,-0.00379075220442
2494,-0.000948065393253
2495,0.00284739878164
2496,-0.00189838622348
2497,-0.00284841661505
2498,0.00189925918972
2499,-0.00284634863789
2500,-0.000948279631544
2501,6.99583216662e-07
2502,-0.000949218264947
2503,0.000948129919069
2504,0.000949008547363
2505,0.00474494336091
2506,6.68685991975e-07
2507,2.35032987184e-06
2508,0.0056918935991
2509,-0.00189431336316
2510,0.0
2511,-0.000950376020715
2512,0.0
2513,0.00284791575878
2514,-0.000950520194021
2515,0.00189808651299
2516,-0.00189071401935
2517,-0.0018998829897
2518,-0.00189698373962
2519,0.00189770150864
2520,-0.0018987196468
2521,-0.000949119159796
2522,0.000950059010336
2523,-0.00189847323668
2524,-0.000949105066553
2525,-0.00284537541058
2526,-0.00189911105762
2527,0.000949790706398
2528,-0.000949654338326
2529,0.0018995992573
2530,2.36193107155e-06
2531,-2.53304355395e-07
2532,0.0
2533,2.50553078516e-06
2534,0.00095591663566
2535,0.0085300335659
2536,3.42035737182e-07
2537,-0.000949602768525
2538,-0.000945643843347
2539,1.72835947806e-06
2540,0.00379640194705
2541,0.00568964113748
2542,3.24422326944e-07
2543,0.0
2544,0.0
2545,0.000954853005633
2546,-0.00190000538071
2547,0.0
2548,0.000950419048871
2549,-0.000949957505283
2550,-0.000949884352102
2551,-0.00189413865172
2552,0.0
2553,-0.00284688750403
2554,0.0
2555,-0.00094905618846
2556,0.00189881917275
2557,-0.000949926678006
2558,0.000949618724199
2559,-0.00189894778691
2560,0.0
2561,-0.0028477139183
2562,0.000948218500588
2563,-8.61204449807e-07
2564,2.30551466013e-06
2565,0.000951377202439
2566,-0.00284705923525
2567,-0.000950028782499
2568,4.01223341683e-07
2569,0.000951313877803
2570,-0.000950065533451
2571,-0.000949476710637
2572,-0.000949695063309
2573,-0.000950677786178
2574,-0.00094573001492
2575,0.00189952158953
2576,0.00095178650216
2577,0.0
2578,-0.000949198889867
2579,-0.00189910831842
2580,0.0
2581,-0.000950197613913
2582,-0.000948712109509
2583,0.00189974723295
2584,-0.000947845532254
2585,2.6554186318e-06
2586,-0.00189864634134
2587,0.0
2588,-0.00189387177493
2589,-6.46816252772e-07
2590,-0.000950129542814
2591,0.0
2592,-0.000948296922156
2593,-0.00284516650951
2594,-0.00189726817609
2595,-0.00189995827562
2596,-5.12912331473e-07
2597,-0.00189962582658
2598,-0.000943714858333
2599,-0.000949988425603
2600,-0.00284555540018
2601,-1.30160358172e-07
2602,0.00189940788805
2603,0.0
2604,-1.751049028e-07
2605,0.00189823498192
2606,-0.00284705930882
2607,9.93078398367e-07
2608,-0.00095108514754
2609,-0.00189564012124
2610,0.00379389350149
2611,-0.000950171231724
2612,-9.7675162764e-07
2613,0.000949662263748
2614,6.68122300299e-07
2615,-0.000947795879038
2616,-0.000944292335699
2617,0.00189940468723
2618,0.0
2619,-0.00189883081924
2620,0.000949568603563
2621,0.000949637981769
2622,0.000950244360908
2623,-0.00284794596574
2624,-0.00190040375667
2625,-1.82570501087e-06
2626,-0.000948594496229
2627,-0.000949246686216
2628,0.00190504053199
2629,0.000948907588655
2630,-0.00284736905789
2631,-0.00284102213163
2632,0.000958180707872
2633,0.0
2634,0.000952530001165
2635,3.74900993454e-06
2636,-0.000950410599854
2637,-0.00189916070153
2638,-0.0028444716244
2639,0.00189698157851
2640,-0.00284356476449
2641,-0.00189817352695
2642,-0.00189906468881
2643,1.32970949531e-06
2644,-0.000950248457517
2645,-0.000947961533572
2646,-0.0018975492014
2647,0.00379089722766
2648,-0.000948785486542
2649,-0.00378669143611
2650,0.00284593257371
2651,-0.00284738740526
2652,0.0
2653,0.0
2654,-0.00094483444688
2655,0.00189875133459
2656,-0.000949450565632
2657,-0.000949159822143
2658,0.000949769487392
2659,2.05921069121e-06
2660,-0.000948377237224
2661,-0.000949376874246
2662,-0.00189710083984
2663,0.0
2664,0.000951645924808
2665,1.13696201281e-06
2666,-0.00190003906774
2667,0.0
2668,0.000948471503207
2669,-0.00379185401015
2670,-0.00189850604013
2671,-0.00189874747855
2672,0.00189900071941
2673,-0.000947036589189
2674,0.0
2675,0.00189931725206
2676,0.00758546915108
2677,-0.000946927123668
2678,0.000949808657489
2679,-0.00284618576505
2680,0.0
2681,-0.00284583618523
2682,0.000950204453731
2683,-0.00189715729083
2684,-0.00284257703507
2685,0.000950040111869
2686,-0.00189923953755
2687,-0.00094907298324
2688,-0.00189906438597
2689,0.00284594397831
2690,1.03205384515e-06
2691,0.00189827386724
2692,-8.09594439603e-07
2693,3.45877510382e-07
2694,-0.00189942867136
2695,0.00189890247091
2696,-5.91393574227e-07
2697,-0.00094982387089
2698,-0.00189810803416
2699,-0.0028475478443
2700,-0.000950415309985
2701,-0.00189849319282
2702,0.00190010171801
2703,-0.000950564792891
2704,0.0028479281294
2705,-0.00568868801893
2706,0.000947333437319
2707,-0.00189663046176
2708,0.000949324418584
2709,-0.00189946408303
2710,-0.00189916091833
2711,0.000948663771831
2712,0.00189703051533
2713,-0.000949752078219
2714,-2.92004540681e-07
2715,0.0
2716,-0.0018988238299
2717,-0.00094781550649
2718,-4.4593101597e-07
2719,0.0
2720,2.38818212537e-06
2721,-0.000950492306957
2722,-0.00284341222932
2723,0.00189742680991
2724,-0.00189897746196
2725,0.0
2726,8.70429345506e-07
2727,0.000950265178852
2728,-0.00189643877694
2729,-0.000948772559145
2730,-6.00923251088e-07
2731,-0.000946435275854
2732,3.7022544179e-07
2733,0.0
2734,-0.000949211434083
2735,-0.000946743725749
2736,-0.00189801101886
2737,-3.81167880745e-07
2738,0.000949752078219
2739,-0.00189934826215
2740,-0.000948978074201
2741,-0.000949379089719
2742,0.000951664984848
2743,-0.00284608969098
2744,0.00190070479711
2745,0.00189632667924
2746,-0.00189554873931
2747,-0.00189803027135
2748,-0.00284869693075
2749,0.0
2750,-7.32528334927e-07
2751,-0.00284708456637
2752,-0.000947547095217
2753,-0.00283855251041
2754,-0.00379551705958
2755,-3.16501929585e-07
2756,-0.00189898714033
2757,-0.000949364426293
2758,-0.000950023201345
2759,-0.000948698140145
2760,-0.00189644434567
2761,-0.00189864017631
2762,1.83900969991e-07
2763,0.000949890451062
2764,0.00284704039884
2765,-0.000946253652855
2766,-0.00189878783846
2767,0.00189928240036
2768,-8.89448590002e-07
2769,5.19236527381e-07
2770,-0.000948872179354
2771,0.0
2772,5.04483758053e-07
2773,-0.00284811493991
2774,-0.00095003875728
2775,0.0
2776,1.724623881e-06
2777,-0.00189872098834
2778,-0.0018973896726
2779,-0.000948932088979
2780,-0.000949495675715
2781,-0.000949240146017
2782,-0.00283996642904
2783,-0.00189537102102
2784,-0.0018986944344
2785,0.0
2786,-0.00189903014415
2787,0.00284819008875
2788,0.0
2789,-0.000950879801133
2790,5.73511793226e-07
2791,-0.00284505455504
2792,1.0217983249e-06
2793,0.0
2794,0.0
2795,-0.00189880157794
2796,0.000949601453792
2797,0.0
2798,4.55505039216e-06
2799,0.000948704164798
2800,0.0
2801,-0.00189757556372
2802,-0.00378845983203
2803,-0.000948290565331
2804,-0.000948311352222
2805,-0.00189842493526
2806,0.0
2807,-0.000944788454913
2808,-0.00189683752442
2809,0.0
2810,-0.000948431075388
2811,-0.00189737633118
2812,-0.000947293108953
2813,-0.00283810058942
2814,-0.000949687328561
2815,-0.00189600806871
2816,0.0
2817,-0.000945836738906
2818,7.17693558711e-08
2819,0.000949441600502
2820,-0.00474542259257
2821,-0.000946449813786
2822,-0.000948434507112
2823,-0.00378602520669
2824,-1.40632331755e-06
2825,0.00189810136371
2826,0.00379503200087
2827,-0.00189837503319
2828,0.000949376623138
2829,-0.00094905944289
2830,4.2788598923e-07
2831,-0.000950029886351
2832,0.000949181206102
2833,1.70796780345e-07
2834,-0.000947935823492
2835,-0.00284733292078
2836,-0.000950074033586
2837,1.70906583533e-06
2838,0.00378967068088
2839,-0.00189910244151
2840,-0.000949603793718
2841,-0.0028481766704
2842,-0.00379503391535
2843,0.000949392179135
2844,2.90510718506e-06
2845,0.00284633605399
2846,0.000950187526764
2847,0.00190044909284
2848,-0.000949541096757
2849,4.97980711627e-07
2850,0.0
2851,0.00190338789595
2852,0.000949816993883
2853,-9.09838730358e-07
2854,0.000949645463908
2855,-0.000950148581105
2856,0.00190176756505
2857,-0.000949587360583
2858,0.0
2859,-0.000949201687691
2860,-0.00189903344607
2861,-0.000945209409713
2862,-0.00284489299934
2863,-0.000949549362733
2864,-0.000947108800769
2865,-2.28248026591e-08
2866,-0.00189536042972
2867,0.0
2868,-0.00189759573612
2869,2.33218716778e-06
2870,-0.000949567222519
2871,-0.000948734711641
2872,0.000949768015409
2873,-0.00284279952755
2874,-0.000944934768949
2875,-0.000947960349269
2876,0.000954430854311
2877,0.0
2878,-0.00189798350747
2879,-0.00284591977665
2880,-0.00189904522194
2881,0.000953730609026
2882,-1.8653133803e-08
2883,-0.0028465841972
2884,-0.000943842637768
2885,0.00189985040866
2886,5.07146196598e-06
2887,4.21053692695e-06
2888,8.92078804418e-07
2889,-0.00189944456574
2890,0.0
2891,0.000949373581091
2892,2.39826968156e-06
2893,-0.00189504546514
2894,3.53786555505e-06
2895,-0.00189868415189
2896,-0.000949826148362
2897,-0.00284380241426
2898,6.74899231211e-07
2899,-0.00095031979765
2900,-0.00284438370491
2901,-0.00189600157757
2902,-0.00474561283015
2903,0.000950024386164
2904,-0.00190023456772
2905,-3.37429512426e-07
2906,0.00189815853979
2907,0.0
2908,0.000950101491098
2909,-0.00189091009486
2910,0.00284786118185
2911,0.0
2912,-0.000950107959025
2913,-0.00189840566156
2914,6.38488327438e-06
2915,-0.000949464433263
2916,-0.000946930934149
2917,-0.000949932703446
2918,0.000950586076161
2919,0.00569021552925
2920,-0.00189673724775
2921,0.0
2922,0.0
2923,0.000950337964559
2924,-0.000949693988073
2925,-0.000949772107067
2926,-0.00094686935714
2927,-0.00189717721917
2928,0.00094929035453
2929,-0.000950670054509
2930,-0.00283586362452
2931,0.00379220192387
2932,-0.00094903093324
2933,-0.000949698349537
2934,-0.00379217799974
2935,-0.000949601487866
2936,0.0
2937,-0.000948491876274
2938,-0.00094526680329
2939,-0.000949300376798
2940,-0.000947222190957
2941,-0.000949492863516
2942,0.00379523953527
2943,-0.00190006436188
2944,-0.000949064588796
2945,0.0
2946,-0.000949693641135
2947,3.21776719045e-06
2948,-0.000949837947927
2949,-0.000946941724721
2950,0.0019007919432
2951,0.0
2952,0.000950343610547
2953,-0.00189512960227
2954,0.0
2955,0.000950839924228
2956,-0.00284913356933
2957,-0.00094921139426
2958,0.0
2959,0.000947410743337
2960,-0.00284903770215
2961,-0.00284199838228
2962,-0.000948882388497
2963,0.0
2964,-0.000947110992856
2965,0.000948630803809
2966,-0.00189767868529
2967,-0.00189998626323
2968,-0.000947415781651
2969,3.73592493876e-06
2970,-0.000948738550783
2971,0.000951517607236
2972,0.000949321364393
2973,3.12416256225e-06
2974,0.000949715346157
2975,2.92637372343e-06
2976,-0.00190053373537
2977,-0.000950875311255
2978,-0.00189765753874
2979,0.000949509696825
2980,0.000952429497626
2981,-9.79322710422e-07
2982,-0.00379404240774
2983,-0.000949696930404
2984,7.81930095534e-07
2985,4.54463294922e-06
2986,-0.000943346032654
2987,-0.000949861667138
2988,0.00094973044167
2989,0.00189992130435
2990,-0.00379529020461
2991,-0.000950016806956
2992,6.52734021302e-07
2993,-0.000944586504742
2994,-0.00189868959625
2995,-0.00189568370335
2996,-0.000950031402699
2997,-0.000950291926646
2998,-0.00284709800699
2999,-0.000949688111418
3000,6.45755916585e-07
3001,-0.000946541142297
3002,-0.00189959007076
3003,-0.000949270030734
3004,-0.0018984206118
3005,-0.000949220084608
3006,-0.00284759190501
3007,0.00284750205344
3008,-0.000948305252502
3009,0.00189779501094
3010,5.43151914639e-07
3011,-0.00473770543024
3012,0.00284961565304
3013,-0.00189262892259
3014,-0.000949180438879
3015,0.00379634058459
3016,0.0
3017,0.0
3018,-0.000944598427422
3019,-0.000946229477137
3020,-0.00189958231698
3021,-0.00379655177255
3022,-0.00189824461319
3023,-0.0037930647807
3024,-0.000948894657852
3025,-0.00284595526203
3026,-0.00189570031211
3027,0.00284883197805
3028,-0.00189704071581
3029,0.00094961766089
3030,0.000949050590102
3031,-0.00094861684661
3032,-0.00284391467287
3033,-0.00190027116828
3034,-1.47689675699e-06
3035,-0.000950500731582
3036,-0.00094851820093
3037,-0.000947150824356
3038,0.000948865370004
3039,-0.000950711405332
3040,0.0
3041,-0.000948973031625
3042,-0.000947280586669
3043,2.50728675414e-06
3044,-0.000946471969119
3045,0.000947947065167
3046,-0.00379298380358
3047,-0.000949133750813
3048,0.0
3049,-0.00189675025537
3050,0.0
3051,4.42895862145e-07
3052,-3.82849651774e-07
3053,0.0
3054,0.000949471584114
3055,-0.000949305487848
3056,-0.0028416245881
3057,-0.00284834957692
3058,0.000950035657452
3059,-0.000948210125508
3060,0.000954559698311
3061,0.000949560598518
3062,0.00094975198467
3063,-0.000948746855933
3064,-0.00379516878998
3065,-0.00189864838585
3066,-0.000949544811372
3067,0.0
3068,8.11445588867e-07
3069,-0.000949191483185
3070,-0.00189906023113
3071,0.000949831439779
3072,-0.00284505796044
3073,0.00189704219563
3074,-0.00379092804551
3075,-7.62223611146e-07
3076,-0.00379525241774
3077,-0.000936387326959
3078,-0.00189527646741
3079,0.000949276222376
3080,-0.0028455683528
3081,0.0
3082,-0.00379645383226
3083,1.35416165611e-06
3084,-0.00188543986866
3085,-0.00189616266621
3086,-0.000949799984527
3087,-0.00189725727678
3088,-0.00189844753781
3089,-0.00189165097805
3090,-0.000948607073486
3091,-0.00284080072842
3092,-0.00474466154294
3093,-0.00094924537138
3094,-0.000948382142674
3095,-0.00094837512154
3096,0.0
3097,-0.001900286758
3098,0.0
3099,7.44707722548e-08
3100,2.02711196433e-06
3101,-0.000948309612948
3102,-0.00189887688774
3103,0.00284841733008
3104,-0.00188465867836
3105,0.00284280806379
3106,0.00284819489876
3107,-0.00284475394006
3108,0.000949514176737
3109,6.37382002786e-06
3110,1.24421539072e-06
3111,-0.000949389167224
3112,-0.00379569488205
3113,-0.000950055420192
3114,-0.000949111247402
3115,-0.000948681096762
3116,-0.00284592103332
3117,-9.26380496099e-07
3118,-0.0018950751813
3119,0.000950416943755
3120,-0.00094913037984
3121,-0.000949154972561
3122,-0.00284496134722
3123,6.25752254339e-06
3124,2.19183871169e-06
3125,0.000948893207565
3126,0.000948846479319
3127,-0.000948961205692
3128,-0.00190029720742
3129,-0.00189451344436
3130,-0.0018992924054
3131,5.34476735603e-06
3132,0.0
3133,0.000949411487816
3134,-0.00284508799978
3135,-0.00284666181652
3136,-0.00284467232872
3137,-0.0018971053557
3138,-0.000949950181596
3139,-0.00189809220808
3140,0.0018993546338
3141,0.000949844761134
3142,-0.000945494726452
3143,0.00190043256853
3144,0.00189693405525
3145,0.0
3146,4.17432847914e-06
3147,-0.00189941792218
3148,-1.58360002873e-06
3149,0.0
3150,0.00284913096307
3151,2.15586997582e-06
3152,-0.00473702855498
3153,0.00094956031733
3154,-0.000949654018066
3155,-0.00379813884428
3156,-0.000942220912375
3157,1.81529269277e-06
3158,-0.00189862272035
3159,0.000950849560818
3160,1.97455958951e-06
3161,-0.000949450577188
3162,-0.000947728214305
3163,0.0104208747802
3164,-0.00189563100631
3165,-0.00379689609217
3166,3.40623319291e-07
3167,0.0
3168,0.00189905837385
3169,0.000952720491144
3170,0.000950208249519
3171,0.0
3172,0.00189834268195
3173,0.00189933599527
3174,-0.00189745777832
3175,-0.00189586181212
3176,0.00094987114815
3177,-0.000948291596152
3178,0.0
3179,1.49180786237e-06
3180,0.000950023652292
3181,-0.00189726582584
3182,-0.000950101500179
3183,-0.00284688288538
3184,-0.000946192450771
3185,-0.000949992637615
3186,1.9977313942e-06
3187,0.000951747060372
3188,-0.00379313126883
3189,0.0018975821777
3190,-0.000951057304168
3191,0.000951547225116
3192,0.00190263163218
3193,0.00189608037729
3194,-0.00189950884676
3195,-0.000949997131816
3196,1.10371663508e-07
3197,-0.00568278355024
3198,-2.89795021388e-07
3199,-0.00379276515274
3200,-0.00189842289979
3201,0.000948792177732
3202,-2.4831021939e-08
3203,-0.000948930668881
3204,0.00189813833247
3205,-0.00284392065647
3206,-6.09770043952e-07
3207,0.0
3208,-0.000949013988676
3209,-0.00284766784718
3210,-3.27827113847e-07
3211,-0.000949882228724
3212,-0.00284591317311
3213,-0.00094901389694
3214,-0.00284412794231
3215,-0.000948849858237
3216,1.93166873484e-06
3217,0.00095099542648
3218,-3.45572751835e-07
3219,-0.00189882115175
3220,-2.68208014079e-07
3221,-0.00094964227952
3222,0.000949758187591
3223,-0.00190033696086
3224,0.0
3225,-0.000946972635506
3226,-0.000949464629125
3227,-0.00189633714388
3228,-0.00189968355674
3229,-0.00189320299521
3230,-1.26254168535e-07
3231,-0.000944205804079
3232,0.00284760733274
3233,0.0
3234,-0.000950286250654
3235,0.00189839593332
3236,-0.00189856881377
3237,0.00189884896079
3238,-0.000950230089045
3239,1.47509177913e-06
3240,-0.000947569487776
3241,-0.00095147409049
3242,-0.000947079002254
3243,-0.00189922246823
3244,-0.000948918852898
3245,4.75861661531e-06
3246,0.000948048838487
3247,-0.000949065166453
3248,-0.000950256437025
3249,0.000950330249976
3250,-0.00189574478658
3251,0.0
3252,-0.00189690418487
3253,0.000949065425852
3254,-0.0018955267724
3255,-0.00189175001812
3256,-0.00189982819986
3257,0.00190313962101
3258,-0.00189794430988
3259,-6.38164894178e-07
3260,2.67952452725e-06
3261,-0.000949001867244
3262,-0.00189821793964
3263,-0.00189484473499
3264,0.000949038749377
3265,0.0
3266,-0.000943702079364
3267,-0.00284712292131
3268,-0.000948269103235
3269,-0.00189701159575
3270,0.0028521327329
3271,-0.000947447756532
3272,-0.00188531343665
3273,-0.00283881314875
3274,-0.00189850038724
3275,-0.00189830566682
3276,-0.000950761119008
3277,5.66937621225e-06
3278,1.78691243741e-06
3279,-0.00189827955578
3280,1.03475101103e-06
3281,0.00285114105691
3282,0.0
3283,4.53611298005e-06
3284,-0.0018965971341
3285,-0.000948951789132
3286,-0.00094850308443
3287,-0.000949093560344
3288,0.0
3289,-0.000949627509704
3290,-2.0638286895e-07
3291,0.00474484537843
3292,-0.000949733089564
3293,-0.001891925635
3294,0.000951035702512
3295,-0.00189246773484
3296,0.00189703131871
3297,-0.000947260483997
3298,0.00474516258409
3299,-0.000949613206408
3300,-0.000949106614765
3301,0.000948704583634
3302,-0.000945745262168
3303,-0.000949017566398
3304,0.000949456354606
3305,-0.00758070122726
3306,0.0
3307,0.00189721017679
3308,0.0
3309,-0.000949705868866
3310,-0.00284727700328
3311,0.000948302045897
3312,-2.64302068757e-07
3313,-0.00663306338569
3314,-0.00189963556355
3315,-0.00189384683869
3316,-0.000948462275405
3317,0.000953369840704
3318,-0.00189781356675
3319,0.0
3320,-0.00189655913262
3321,-0.000948227232862
3322,0.00474413781782
3323,2.76503840778e-06
3324,-0.00284169586093
3325,-0.000949725958225
3326,0.0
3327,-0.000947141177269
3328,-0.000950493769284
3329,-0.0028403676497
3330,-0.000950045127017
3331,-0.00473804274162
3332,0.00189957648641
3333,-0.000948015652163
3334,-0.00189579743791
3335,0.000952978273095
3336,0.000948093672978
3337,-0.000949267839917
3338,0.0
3339,-0.00284244863824
3340,0.0
3341,0.0
3342,-0.00189700061795
3343,-0.000949310516198
3344,-0.000945319772508
3345,0.00379503086312
3346,-0.00379421948599
3347,-0.00189427390163
3348,-1.08866558614e-06
3349,-0.00379338873807
3350,-0.000948882841224
3351,-0.000950182870557
3352,-3.95421366076e-07
3353,1.00994395365e-06
3354,0.00189802960845
3355,-0.000949640476839
3356,-0.000950388753358
3357,0.0
3358,0.00189835797668
3359,-0.000945075737175
3360,-0.00189554604479
3361,-0.000948536761323
3362,0.00284500811346
3363,0.00379278789984
3364,0.00189724144158
3365,-0.00284275122697
3366,-0.000949476986913
3367,-0.00284570779352
3368,-9.05058870648e-07
3369,0.00474138332006
3370,-0.00283854759598
3371,-7.58376193453e-07
3372,0.000950271062372
3373,-0.00189699681721
3374,0.0
3375,9.96168788247e-07
3376,-0.00189464460507
3377,-0.00189806339215
3378,7.00002669829e-07
3379,-0.000949807079845
3380,-0.000946873481178
3381,-0.00474308048256
3382,0.00189874296084
3383,-0.00189938552063
3384,0.000949603938373
3385,-0.00189822286989
3386,-0.00378699174944
3387,-0.00094936723929
3388,0.00189885955636
3389,4.23879826389e-06
3390,-0.000946834078684
3391,4.66438063749e-07
3392,0.00189930959553
3393,-0.00189831195634
3394,-0.00189878321617
3395,2.74145977689e-06
3396,-0.000949296875984
3397,-0.00189975847387
3398,-0.000948003517921
3399,-0.00189810554325
3400,2.09942212326e-06
3401,-0.00189697163884
3402,0.0
3403,0.000948920951257
3404,-0.00189771601348
3405,-0.000949684613102
3406,-0.00379144058803
3407,-0.000949644481066
3408,2.59515928201e-06
3409,-0.00283864852066
3410,-0.00284822798142
3411,0.000948026707295
3412,1.86155650658e-06
3413,0.000950198808207
3414,-0.000950380788217
3415,-3.64156956367e-07
3416,0.0
3417,-0.000949661921698
3418,-0.00190006896872
3419,2.55788725519e-06
3420,-0.00378568837165
3421,0.0
3422,-0.00189690101627
3423,0.0
3424,-0.00189790551243
3425,-0.00284329844371
3426,0.00189856103939
3427,-0.00379593421541
3428,-0.00189903815227
3429,-0.00284699082262
3430,9.6587919991e-07
3431,0.0
3432,-0.000949900853423
3433,0.0
3434,0.000948243895078
3435,0.000950688964428
3436,0.0
3437,-0.000949605592292
3438,3.38195073431e-07
3439,0.000949651859606
3440,-0.000949070961363
3441,-0.00189671409447
3442,-0.0028471644972
3443,-0.00284789548583
3444,0.0
3445,0.0
3446,0.0
3447,-0.00189547448475
3448,-0.00284669617753
3449,-0.000947292274362
3450,-0.000949812214193
3451,0.000950553746015
3452,-0.000949690220606
3453,2.01978646116e-06
3454,0.0
3455,0.0
3456,-0.000948946491094
3457,0.0
3458,-0.00189864149863
3459,-0.00189899309126
3460,-0.00189667212745
3461,-0.00189858812621
3462,-0.00284471923183
3463,0.000950036014585
3464,-0.000945665751399
3465,-0.0028472089189
3466,-0.000948827388812
3467,-0.000950341770679
3468,0.0
3469,0.0
3470,-0.000939637908905
3471,-0.00189682074915
3472,-0.00284852271542
3473,-0.000947979256257
3474,-0.000946885819845
3475,0.0
3476,-0.000947589248899
3477,-0.00284685930174
3478,-0.00284514111797
3479,0.0
3480,-0.000950139461833
3481,0.0018984147067
3482,1.97934770328e-06
3483,-2.17243382916e-07
3484,-8.74913661757e-07
3485,-0.00189770519492
3486,-0.00284408196703
3487,-0.00189868043452
3488,5.85516897783e-06
3489,-0.000950166268916
3490,-0.00095028978998
3491,-0.00189832871093
3492,-0.00189896951605
3493,-0.000947988050977
3494,-0.00189898395355
3495,-7.45414893239e-08
3496,-0.00284789087262
3497,0.00189641792198
3498,-0.00189969946435
3499,0.000948883059201
3500,-0.00189912743915
3501,-0.00283848173583
3502,-0.000950357688308
3503,-0.00094891380542
3504,-0.00284624523206
3505,0.0
3506,-0.000948354657495
3507,-0.0028451973248
3508,-0.000948093084501
3509,-0.00189472804873
3510,-0.00284807512483
3511,-0.00189779664691
3512,5.00776420932e-07
3513,-0.000946264503103
3514,0.0
3515,-0.00189540056777
3516,-0.00189860727333
3517,-0.000950509257553
3518,-0.00284798940888
3519,-0.00379200947864
3520,0.0
3521,-0.000945415830484
3522,0.0
3523,0.00284629090301
3524,0.0
3525,-0.000948439665199
3526,-0.000949583059873
3527,0.0
3528,-0.00094880188372
3529,-0.00189367914253
3530,-0.000949044716668
3531,-0.00189806631008
3532,-0.000948917402028
3533,0.00095015895013
3534,0.000948874957121
3535,-0.000945174088558
3536,0.0
3537,-0.00189877692431
3538,4.33662706596e-06
3539,-0.00189913413859
3540,-0.000949448409516
3541,-0.000949585065133
3542,-0.00284727080432
3543,0.0
3544,-0.000949373363858
3545,0.0
3546,-0.000946193655303
3547,-0.00189940142967
3548,-0.00284325173072
3549,-0.00284818917567
3550,-0.00284629401831
3551,0.0
3552,0.0
3553,-0.000948114775402
3554,0.0
3555,0.00094940515415
3556,-0.00189887553415
3557,-0.00284721122071
3558,0.0
3559,0.0
3560,-0.0047446315681
3561,-0.001898317969
3562,-0.000948020012249
3563,0.0
3564,0.0
3565,-0.00189966021206
3566,-0.000949586458794
3567,0.0
